1,[][1,3,6,9,16,34,23,13,25][2,5,7,8,15,14,18,19,20,29,31,35,11][4,10,17,21,24,26,27,28,30,32,33,22,12],1282
1,[][1,3,4,6,9,10,12,16,17,21,22,23,24,25,13,34,33,32,30,27,26][2,5,7,8,11,14,15,19,18,20,28,29,31,35],922
1,[][1,3,6,9,13,16,23,25,34][2,5,7,8,11,14,19,20,31][4,21,29,35][10,12,17,22,24,26,27,28,30,32,33][15,18],1494
1,[][1,3,6,9,13,16,23,25,34][2,5,14,18,20][4,21][7,8,11,31][10,12,27][15,19,29,35][17,22,24,26,28,30,32,33],20168
1,[][6,1,3,13,9,16,23,25,34][12,10,22,26,24,32,27,33,28][17,30][7,11,31][8,18][2,5,20,14][19,15,35,29][21,4],3730
2,[][2,4,5,10,14,15,16,20,22,24,25,26,29][1,6,7,8,9,11,12,13,17,18,19,21,23,27,28,30,31,32,33,34,35,3],1243
2,[][1,3,6,13,18,19][2,5,14,20,22,10][4,15,16,24,25,29,26][8,17,21,27,28,33,35,31,11,9][7,23,30,12,32,34][][],1348
2,[][1,3,6,7,9,8,11,12,13,17,18,19,21,23,27,28,30,31,32,33,34,35][2,5,10,14,20,22][4,16,24,25][15,26,29],576
2,[][5,10,2,20,14,22][9,12][4,16,24,25][][1,6,3,18,19][8,13,11,28,34,33,21,31,27,17][15,26,29,35][7,23,30,32],3927
2,[][1,3,6,7,9,11,12,13,17,18,19,23,27,28,30,32][2,5,10,14,20,22][4,16,24,25][8,21,31,33,34][15,26,29,35],966
3,[][1,4,2,5,7,9,8,11,13,14,12,16,15,17,18,19,20,21,22,23,25,29,28,32,30,34,35,33][3,6,10,24,26,27,31],1184
3,[][6,3,13,24,26,27,31,34,10][4,7,16,9][5,11,19,20,22,21,29][35,1,33,15,2,14,25,32,28,18,8][12,30,17,23],3007
3,[][2,15,32,33][3,6,26,24,34,27,31,13][5,12,11,21,19,20,29][7,9,4,16][10][18,35,8][17,22,23,30][28,1,25,14],1363
3,[][1,2,33,35][3,6,10,13,24,26,27,31,34][4,7,9,16][5,11,12,19,20,21,23,29,30][8,14,15,25,28,32][17,18,22][],1660
3,[][6,3,13,10,26,27,24,34,31][5,12,30,23,22,17][11,20,19,29,21][7,9,16][14,8,28,25,32][4][18,1,35][2,15,33],1924
4,[][1,4,14,12,16,20,26,27,28,29,35,33,32][2,5,6,13,10,17,9,22,23,24,25,21,18,34,30,8][3,7,11,15,19,31],1901
4,[][1,12,14,16,20,27,28,29,30,33,35][2,6,17,23,25,34][3,7,11,15,18,19,31][4,26,32][5,8,9,10,13,21,22,24],5590
4,[][1,29,33][2,6,17,22,23,25,21,34][3,7,11,18,19,15,31][4][9,13,24,8,10,5][12,16,14,28,20,30,27,35][26,32][],1190
4,[][1,12,16,27,28,29,33,35,20][2,6,17,22,23,25,34][3,7,11,15,18,19,31][4,14,26,30,32][5,8,9,10,13,21,24][],1669
4,[][3,11,18,19,15,7,31][8,24,10,23,21][9,5,13][2,22,17,25,34][1,6][14,29,33][12,27,28,20,35,16][4,32,30,26],3536
5,[][1,5,6,10,14,17,15,7,19,20,21,22,23,25,13][2,4,9,26,27,28,29,30,33][12,16,8,3,18,24,31,32,34,11,35],962
5,[][1,17,21,14,25][2,4,9,26,27,28,29,30,33][8,11,18,16,12,24,31,32,34,35,13,5,3][10,22,19,23,20,15,6,7][][][],1085
5,[][1,21][3,11,12,16,24,18,8][4,9,26,28,30,29,27,2,33][5,13,34,35,32,31][6,7,10,25,19,23,22,15][14][17,20][],1159
5,[][1,5,14,17,20,21,22,25][2,4,9,26,27,28,29,30,33][3,8,11,12,16,18,31,32][6,7,10,15,19,23][13,24,34,35][],1255
5,[][2,4,9,27,26,28,33,29,30][3,11,12,16,18][8,31,32][15,10,20,23,19,22,25,6][13,5][17,14,21,1][24,34,35][7],1879
6,[][1,5,7,9,10,13,14,17,29,31][2,4,6,3,8,11,12,15,16,18,19,20,21,22,23,24,25,26,27,28,30,32,34,35,33],900
6,[][1,3,5,6,8,9,11,13,14,7,27,17,22,10,29,30,31][2,16,15,18,20,19,23,24,26,25,12,32,33,34,35,21][4,28],671
6,[][1,5,14,13,7,9,17,29,31][3,6,8,30,11][2,20,19,26,18,21,34,35][4,28][10,22,27][12,32,33][25,15,16][24,23],1462
6,[][1,3,5,6,7,8,9,13,14,17,29,30,31][2,12,16,18,19,20,21,23,26,33,34][4,11,28][10,22,27][15,25,35][24,32],1221
6,[][7,1,5,13,9,17,14,31,29][3,6,8,30][10,22,27][4,11,28][18,19,20,21,2,26,16,35][12,24,23,34,33,32][15,25][],2173
7,[][1,2,3,8,9,12,14,15,17,18,22,23,25,28,13,30,35][4,5,7,10,11,16,20,19,21,24,26,27,29,31,32,33,34,6],1581
7,[][2,3,8,9,13,12,15,18,22,23,17,28,1,35,30,14][4,19,16,20,21,31,34][11,10,7,6,5,24,26,27,25,29,33,32],990
7,[][1,3,2,8,9,12,13,14,15,17,18,22,23,25,28,30,35][4,5,6,7,10,11,16,19,20,21,24,26,27,29,31,32,33,34],2698
7,[][1,2][3,9,23,28][4,19,20,21,31,16,34][6,29,7,33][24,26,5,27][10,11,32][14,17,12,30,25,35][15,18,22,8,13],2132
7,[][1,2,3,9,8,23,12,28,30][4,16,19,20,21,31,34][10,11,32][13,14,15,17,18,22][24,7,6,29,33][35,25][27,5,26],1607
8,[][3,5,18,27,35][9,4,7,16,19,23,29,26,31,20][8,11,17,21,1,22,32][6,33,12,14,15,34][2,10,13,28,30,24,25][][],1856
8,[][2,10,6,13,14,15,24,25,28,30,33,34][7,9,4,5,12,18,19,20,23,16,26,29,27,31,3,35][8,11,17,21,22,32,1],812
8,[][2,10,13,12,15,24,25,28,30][6,14,33][5,3,18,27,35,34][1,8,11,17,21,22,32][4,7,9,16,19,20,23,26,29,31],2160
8,[][1,8,11,17,21,22,32][2,10,12,13,14,15,28,34][3,5,9,16,18,26,27,31,35][4,19,23][6,33][7,20,29][24,25,30],17609
8,[][1,8,11,17,21,22,32][2,10,12,13,14,15,24,28,30,34][3,5,18,26,27,31,35][4,7,9,16,19,20,23,29][6,25,33][],1157
9,[][1,2,8,11,15,22,25,26,27,33,34][3,4,7,6,9,10,13,18,20,23,28][5,14,16,19,21,29,30,31,35][12,17,24,32],904
9,[][1,8,11,24,34][2,15,22,25,26,27,33][3,4,6,7,9,10,13,18,20,23,28][5,19,21,29,31,35][12,17,32][14,16][30],10897
9,[][1,8,24,34,33][2,15,22,25,26,27][4,10,9,23,18,3,7,28,20,13][6][12,17,11,32][16,14][19,21,29,31,5,35][30],1215
9,[][3,4,6,7,18,10,9,20,23,28,13][5,19,21,31,35][11,8,24,2,33,34][17,12,32][26,27,25,22,15,1,30][29,14,16][],906
9,[][1,2,8,11,15,22,24,25,26,27,33,34][3,4,6,7,9,10,13,18,20,23,28][5,19,21,29,30,31,35][12,17,32][14,16],1230
10,[][1,35][2,5,32,31,20,18,12,9,8][4,6,10,11,13,17,16,15,21,23,25,26,27,28,30,33][3,7,14,22,19,24,29,34],1136
10,[][1,3,19,22,34,35][2,5,9,12,8,14,20,18,32,31][15,13,17,11,21,28,25,33,6][24,29,7,16][10,26,27,23,30,4],2504
10,[][2,1,5,9,18,20,32,12][3,7,8,19,14,29,31,24,35,34,22][4,6,10,11,17,16,15,21,25,26,27,28,30,23,13,33],2822
10,[][2,12,14,8,9,5,18,20,32,31][1,3,35][19,22,34][4,15,10,6,30,26,27,23][16,25][11,13,33,28,21,17][24,29,7],3704
10,[][1,3,14,19,22,34,35][2,5,8,9,12,18,20,31,32][4,6,10,11,13,15,17,21,23,26,27,28,30,33][7,24,29][16,25][],1412
11,[][1,6,7,9,10,20,22,25,13,24][2,3,4,5,8,12,14,26,21,18,23,34,27,30,29][16,28,32,31,11][33,35,17,19,15],1782
11,[][1,6,7,9,10,13,14,12,18,21,23,26,27,29,30,31,32,34,11][2,3,4,5,8,24,22,20,16,25,28][17,15,19,33,35],666
11,[][1,7,6,9,13,10,20,22,24,25][2,3,4,5,8,11,12,14,16,18,21,23,26,27,28,29,30,34,32,31][15,17,19,33,35],1154
11,[][1,9,15,17,19,25,33,35][2,14,18,23,26,27,34][3,4,5,12,21,30][6,8,10,11,16,28,31,32][7,13,20,22,24][29][],1604
11,[][17,15,19,33,35][1,9,10,25][7,13,22,20][8,18][3,27,5,30,21,34,14][6,28,24,16,31,32][12,11,26,23][29,4,2],4846
12,[][3,2,4,6,7,8,13,12,14,11,16,18,17,15,20,21,22,23,25,26,24,28,27,29,31,30,33,32][10,9,5,1,19,35,34],965
12,[][2,7,9,10,14,19,29,34,35,1][3,4,8,24,25,27][5][11,6,12,15,16,17,22][13,18,23,26,28,30,31,32][20,21,33][],2826
12,[][1,5,9,10,19,34,35][2,7,29][3,4,8,25,27,30][6,11,12,22][13,15,16,17,18,26,28,31,32][14][20,21][23,24,33],17707
12,[][1,5,9,10,19,34,35][2,6,7,11,12,14,22,29][3,4,8,23,24,25,27,30,33,21][13,15,16,17,18,26,28,31,32][20][],1561
12,[][1,5,9,10,19,35,34][2,7,14,13,29][6,11,12,22][16,15,17,18,28,26,31,32][24,23,33][20,21][25,8,4,3,27,30][],3777
13,[][1,12,17,23,6,35,31][4,3,11,20,28,27,33,25,22,14][10,13,19,21,8,16,26,7][18,34][9,5,30,32][15,24,29,2],3165
13,[][1,17,6,31,35][18,23,34][7,8,10,13,15,16,19,21,24,26,29][2,3,4,11,14,20,22,25,27,28,30,33][5,9,12,32],1775
13,[][1,6,23,31,35][2,7,8,10,13,15,16,19,21,24,26,29][3,14,20,22,25][4,11,27,28,33][5,17][9,12,30,32][18,34],13358
13,[][1,6,31,35,17][3,4,11,14,20,22,27,28,33][7,8,10,13,15,16,19,21,24,26,29,2][9,12,25][18,23,5][30,32][34][],872
13,[][2,7,8,10,13,15,16,19,24,26,29,21][3,14,22,25,20,30,32][1,6,17,31,35,23][11,27,28,33,4][5,18,34][9,12][],883
14,[][3,5,10,11,14,18,17,19,13,27,29,28,35][2,4,8,12,9,6,1,15,22,23,20,16,26,25,30,31,32,34,33,24][7,21][],876
14,[][1,9,8,6,20,24,25,31,33,34][4,2,7,12,21,16,15,22,23,26,30,32][3,10,11,17,18,19,14,13,5,28,27,29,35],618
14,[][1,6,8,9,20,23,24,25,30,31,33,34][2,12,15,16,22,26,32][3,5,10,11,13,14,17,27,28,29][4,7,21][18,19,35][][],984
14,[][1,8,20,25,6,9,24,33,34,31][16,23,30][3,10,11,14,27,29][5,17,28,13][4][7,21][12,15,2,26,22,32][18,19,35],807
14,[][1,6,8,9,20,24,25,31,33,34][2,4,12,15,16,22,23,26,30,32][3,5,10,11,13,14,17,27,29][7,18,19,28,35][21][],1147
15,[][4,3,10,11,17,27][2,6,9,14,16,18,21,22,24,34][5,7,8,12,15,19,20,23,25,26,28,29,32,33,1][13,30,31,35],1358
15,[][1,7,19,28,33][2,6,9,14,16,18,21,22,24,34][3][4,10,11,17,27][5,23][8,12,15,20,25,26,29,32][13,30,31,35],8717
15,[][1,7,29,28,33,19][2,9,16,14,22,24,18,34,6,21][4,11,10,17,27][5,8,23,25,12][3,20,15,26,32][13,31,35,30][][],1010
15,[][6,2,9,18,21,22,14,16,24,34][3][10,4,11,27,17][5,32,12][7,1,19,28,33][20,8,25,26,15][35,31,30,13][23,29],2752
15,[][1,5,19,23,28,29,33][2,6,9,14,16,18,21,22,24,34][3,13,30,31,35][4,10,11,17,27][7,8,12,15,20,25,26,32][],1255
16,[][3,8,18,13,12,20,22,34][2,17][1,19,25,29,15,35][5,14,30][6,32][10,4,7,27,11,33,21][9,23,31,26,24][16,28],902
16,[][1,28][2,17,16][4,25,29,35,27][5,23,14,24,26,31,30,9][6][10,7,11,21,32,33][13,18,20,22,12,34,8,3][15,19],1142
16,[][1,15,19,25,29,35][2,16,17,23,28][3,8,12,13,18,20,22,34][4,7,10,11,21,27,33][5,14,24,26,30,31][6,32][9],19569
16,[][1,2,16,17,28][3,8,12,13,18,22,20,34][5,14,24,30,31,26,23,9][4,7,10,11,21,27,33][35,19,29,25][32,6,15][],768
16,[][1,2,17,16,28][3,8,12,13,20,18,22,34][14,5,30][4,7,10,21,11,27,33][25,19,35,29][32,6,15][31,26,24,23,9],1048
17,[][1,3,7,13,14,12,29,28,34,27][2,4,15,16,18,25,8,26,35,22,21,6][9,11,10,20,23,17,30,32,5,33][19,24,31],2949
17,[][1,3,7,13,14,28,34][2,4,6,8,15,16,18,19,21,22,25,26,35][5,10,11,17,20,32,33][12,27,29][24,31][9,23,30],993
17,[][1,3,7,11,12,27,28,29,13,14,34][5,9,10,17,20,23,30,32][2,4,6,21,22][8,19,26,15,16,18,25,35][24,31][33],2984
17,[][1,3,7,13,14,28,34][2,8,19,18,21,22,24,25,26,31,35,6][5,9,10,11,12,17,20,23,27,29,30,32,33][15,16,4][][],4943
17,[][1,3,7,13,14,28,34][2,4,15,16,18,26,35][5,9,10,11,17,20,23,30,32,33][6,21,22][8,19,25][12,27,29][24,31],15486
18,[][1,3,4,8,9,10,12,14,15,17,18,19,20,21,24,26,29,30,31,32][2,5,6,7,11,13,16,22,23,25,27,28,33,34,35],750
18,[][1,3,2,9,8,15,19,11,20,21,29,24,26,28,30][4,10,17,18,14,12,32,31][5,6,16,13,7,22,27,25,23,35,34,33],850
18,[][1,3,19,20,21,24,26,29,30][2,13,25,33,34][4,10,12,14,17,18,31,32][5,6,7,16,22,23,27,35][8,9,11,15,28][],1680
18,[][1,3,12,19,24,26][2,6,13,22,23,25,33,34,35][4,10,14,17,18,31,32][5,7,27,16][8,9,11,15,28][20,21,29,30],1220
18,[][4,10,14,18,17,12,31,32][3,1,19,24,26][9,20,21,29][8,15,30][35,6][2,13,34,25][7,27,33,23,22,16,5][28,11],2909
19,[][1,4,5,7,24,34][2][8,12,23,25][10,9,33,30][11,17,19,27,3][14,15,21,32,35,29,28][20,22,6,18,31,26][13,16],1532
19,[][3,9,10,11,17,19,27,30,33][1,4,5,7,24][2,8,12,6,18,20,22,23,25,26,31][13,14,15,16,21,28,29,32,34,35],1185
19,[][1,5,13,14,15,16,21,28,29,32,34,35][8,12,20,26,31,6,18,22][3,9,10,11,17,19,27,30,33][4,24,7][23,25,2],1330
19,[][9,10,2,3,11,17,19,20,27,30,33][12,8,23,25][5,6,18,22,26,31][7,4,1,13,16,24,29,34][14,15,21,28,32,35][][],1590
19,[][1,4,5,6,7,13,14,15,16,18,21,22,24,26,28,29,32,34,35][2,3,8,9,10,11,12,17,19,20,23,25,27,30,31,33],6492
20,[][1,5,12,13,17,18,19,24,27,29,31][3,10,14,15,16,20,23,26,30][],1705
20,[][1,5,12,13,18,19,27,34][2,6,8,9,21,28,32,33,35][3,10,14,16][4,7,11,22,25][15,20,23,26,30][17,24,29,31],1443
20,[][1,5,17,12,24,27,29,31][2,6,9,21,25,28,32,33][3,10,14,15,16,20,23,26,30][4,7,8,11,22,35][13,18,19,34][],1633
20,[][1,12,13,18,19,27,34][2,6,8,9,21,28][3,10,14,15,16,20,23,26,30][4,7,11,22][5,17,24,29,31][25,32,33,35],14410
20,[][1,19][2,6,8,25,35,21][4,7,11][5,17,12,29,24,31,22][9,28,32,33][10,3,15,16,14,20,26,30,23][13,18,34][27],1293
21,[][1,4,6,12,13,17,21,22,24,27,35][2][3,7][5,8,9,11,16,23,30,31,32,34][10,14,19,20,25,26,28,29,33][15,18],894
21,[][1,4,6,12,17,18,21,22,24,27,35,15][2,3,7,13][5,8,9,11,16,23,30,31,32,34][10,14,19,20,25,26,28,29,33],3346
21,[][10,14,25,19,20,28,29,26,33][5,9,8,11,7,23,16,34,31][30,32][1,6,12,21,22,27][4,24,35,17][3,2,13][18,15],1667
21,[][2,3,7][1,6,22,12,27][10,14,20,19,25,26,28,29,33][15,18,35,4,21,13,17,24][9,16,5,8,11,23,30,31,32,34][][],1096
21,[][10,19,20,25,26,14,28,33,29][5,8,9,16,23,11,31,34][7,3,2,30][6,21,27,12,1][15][4,17,22,24,35,13][18][32],2532
22,[][1,2,4,11,20,21,24,31][3,8,16,22,33,34][5,6,12,18,19,25,28,29,9][7,15,27][10,17,23,26,30,32][13,35][14],19040
22,[][1,2,4,11,20,24,21,31,32][3,9,16,19,22,33][5,12,18,25,8,29,28][10,7,27,23][14,34,6][15][13,35][30,26,17],1767
22,[][1,2,4,11,21,24,31][3,5,6,14,16,22,33,34][7,10,15,17,20,23,26,27,30,32][8,9,12,18,19,25,28,29][13,35][],1391
22,[][1,2,11,17,4,21,20,24,31,10,32,30][12,9,8,18,19,25,29,28][5,6,14,33,34,16,22,3][13,35][15,7,26,27,23][][],813
22,[][18,19,9,8,28,29,25,12][4,2,1,24,11,21,31][5,6,3,34][10,17,23,26,30,32][33,16,22][7,15,20,27][13,35][14],1759
23,[][12,11,8,6,3,1,17,29,16,2,21,4,27][7,9,20][14,15,19,25,26,33][23,13,10,24,22,18,28,31,30,32,34,35,5],1396
23,[][2,3,4,14,15,16,19][1,5,7,6,8,9,10,11,13,12,17,20,23,24,22,21,18,25,26,27,28,29,30,34,35,33,32,31],1521
23,[][1,27,29,11][3,2,4,6,8,12,15,14,16,9,7,19,17,20,21,26,25,33][5,13,18,22,23,32,31,35,34][10,24,28,30],1230
23,[][1,8,10,11,24,27,28,29,30][2,3,4,6,7,9,14,15,16,19,20,21,25,26,33][5,23,31,34][12,17][13,18,22,32][35][],955
23,[][1,10,11,24,27,28,29,30,8][2,3,4,6,12,14,15,16,17,19,21][5,23,31,34,35][7,9,20,25,26,33][13,18,22,32][],1819
24,[][6,9,12,15,16,26,29,34][3,7,21,24,30][2,4,10,13,14,19,20,17,22,23,25,27,28,31,35][8,1,5,11,18,32,33][][][],1991
24,[][1][3,7,21,30,24][4,10,17,25][6,9,12,26,16,34,29][8,11,18,33,32,5][13,22,19,27,2][15][14,23,20,28,35,31],1455
24,[][1,5,8,11,18,32,33][2,14,19,20,22,23,27,28,31,35][3,7,21,24,30][4,10,13,17,25][6,9,12,15,16,26,29,34],4850
24,[][1,5,6,8,11,18,26,29,33,34,32][2,13,19,22,27,31][3,7,21,30][4,10,14,17,20,23,25,28,35][12,15,16,24,9][][],1262
24,[][1,5][2,19,22,31,27][3,7,21,30,24,9][4,10,17,13,25][8,11,18,33,32][6,26,34,29][15,16,12][14,23,28,20,35],1390
25,[][9,16,17,18,22,27,33,35,8,21,4][1,2,3,5,7,6,10,11,12,13,14,15,19,20,23,24,25,26,28,29,30,31,32,34],889
25,[][10,11,12,14,23,26,29,30,31,19,25,15,7,5,1][2,6,20,24,32,34][3,9,13,16,18,28][4,8,21,22,27,33,35][17],1462
25,[][1,5,7,26,25][2,24,6][18,9,3,16,28][4,17,21,8,27,22,33,35][11,12,14,23,30,31,10][15,19,29][13][20,32,34],1093
25,[][1,15,19,25,29][2,20,24,32,34][3,6,13,28][4,8,17,21,22,27,33,35][5,26][9,16,18][10,11,12,14,23,31,30,7],18930
25,[][4,8,17,21,27,35,33,22][3,9,16,18][13,28][14,15,19,25,29,1][11,12,23,31,30][5,26,7][20,2,6,24,32,34][10],1879
26,[][1,9,10,5,8,13,14,21,18,19,20,15,23,24,25,27,28,29,30,33,35][2,4,7,11,12,17,22,26,31,34][3,16,32,6],2378
26,[][1,20,8,21,29,30,35,24][2,12,11,16,17,7,6,31,22,26,32,34,4,3][5,10,13,14,15,18,9,19,23,28,27,25,33],734
26,[][1,8,20,21,24,29,30,35][13,10,9,18,23,28,27,33][19][16,4,25,26,31,17][32][2,22,7,11,34,12][5,15,14][6,3],976
26,[][1,8,20,21,24,29,30,35][5,10,9,14,18,19,23,28,27,13,15,25,33][2,7,12,11,22,26,6,3,34,32][16,17,4,31][][][],1374
26,[][8,21,24,35,20,29,30,1][10,9,13,18,23,28,27,33][5,15,14,25][4,17,26,31][12,7,2,11,22,34][16][6,3,32][19],2072
27,[][3,4,7,9,13,11,15,17,2,12,18,25,31,6][8,10,14,5,1,19,21,23,26,29,30,32,33,35][16,20,22,24,27,28,34],1707
27,[][2,9,10,12,19,21][3,4,6,7,11,13,15,17,18,25,31][5,14,23,26,29,32,33,35,1][8][20,22,24,30][16,27,28,34],2295
27,[][1,14,26,29,32,33][2,10,12,19,21][3,6,7,13][4,11,31][5,8,23,35][9,15,17,18,25][16,20,22,24,27,28,30,34],7412
27,[][1,14,29,32,33][6,7,3,13,25,15,17,18][2,12,10,21,19,9][20,16,24,27,28,30,34,22][4,11,31][5,23,26,35,8],1064
27,[][9,15,17,25,18][16,22,28,27,20,24,30,34][1,14,29,32,33][6,7,3,11][10,12,2,21,19][23,5,8,26,35][31,13,4],914
28,[][3,10,22,26,8,30][4,14,12,16,20,19,23,27,34][6,5,2,21,29][1,7,24,31,35,33][13,18,15,25,28][11,17,9,32],2184
28,[][1,31,34,35,33][11,17,32][3,8,22,26,10][16,19,20,14,4,12,23,27][5,21][15,18,24,7,28][6,2,29,9][13,30,25],9780
28,[][1,7,15,24,28,31,33,35][2,5,6,11,9,29,32,17,21][3,8,10,22,26][4,12,13,14,16,19,20,23,27,30,34][18,25][],1994
28,[][1,7,24,28,15,31,35,34,18,33][2,6,5,11,9,17,21,29,32][4,12,20,14,27,19,16,23][8,3,10,22,26][25,13,30][][][],990
28,[][6,5,2,21,11,29,17,32,9][1,31,35,28,33][3,8][7,15,24,34,18][4,12,23,27][22,26,30][25][14,19,20,13,10,16],1572
29,[][1,3,6,11,12,18,19,21,29,28][16,15,17,14,2,4,5,7,8,9,10,13,20,22,23,24,26,25,27,30,31,32,33,35,34],866
29,[][1,3,7,6,12,11,13,15,14,17,19,20,18,21,23,24,28,29][2,9,25,27,33,34][5,4,8,10,22,16,26,30,31,32,35],756
29,[][6,3,1,11,12,18,28,19,21,29][5,16,8,9,10,4,26,30,31,32,35,22][14,15,23,24][7,17,13,20][2,27,25,33,34],1089
29,[][1,3,6,11,12,18,19,21,28,29][2,25,27,33,34][4,5,8,9,10,22,16,26,30,31,32,35][7,13,17,20][14,15,23,24],795
29,[][1,3,6,11,12,14,15,18,19,21,24,28,29,23][2,8,9,25,27,33,34][4,16,35][5,22,26,30,31,32][7,13,17,20][10][],920
30,[][1,2,3,4,5,8,9,15,17,18,19,23,24,25,26,27,28,30,32,33,34,35][6,7,10,11,12,13,14,16,20,21,22,29,31],1196
30,[][2,1,3,7,19,23,24,28,30,13,11,32,33][5,9,4,8,15,18,17,27,26,25,35,34][6,16,21,14,22,20,10,12,31,29],620
30,[][4,8,5,9,15,17,18,25,26,27,34,35][1,3,19,23,24,28,32,33,2,30,20,13][6,7,10,11,12,14,16,21,22,29,31],2511
30,[][1,32,24][2,13,20][3,19][4,5,9,15,17,25,26,27,34,35,18,8][7,10,12,29][11,6][16,21,31,22,14][23,28,30,33],1187
30,[][1,3,24,32][2,13,20,23,28,30,33][4,5,8,9,15,17,18,25,26,27,34,35][6,11][7,29][10,12,14,16,21,22,31][19],18727
31,[][2,3,11,12,16][4,5,15,14,18,13,20,21,22,35,1,23][7,10,8,17,25,27,28,33,31,34][19,6,9,24,26,29,30,32],1899
31,[][1,4,14,15,21,20,23,22][2,3,16,11,12,27][6,5,13,9,18,26,24,29,30,32,35,19][7,17,10,8,25,31,33,34,28],3158
31,[][1,4,14,22,15][5,18,6][9,19,30,32,26][3,2,16,12,11][10,17,7,31,33,28][21,23,35,13,20][8,29,25,27,34][24],1288
31,[][1,4,13,14,15,20,21,22,23,35][2,3,11,12,16,27][5,18][6,8,9,19,24,26,29,30,32][7,10,17,25,28,31,33,34],967
31,[][1,4,15,14,6,21,20,22,23,35,13][2,3,11,12,16][5,18][10,7,17,25,34,27,28,33,31][9,26,30,32,19,29,8,24],1816
32,[][1,2,3,4,7,12,13,20,24,32,29][6,8,10,11,15,16,19,21,23,25,35,28][9,14,17,18,22,26,33,34,5,31,30,27],2208
32,[][1,2,3,4,7,12,13,20,24,21,32,29][5,6,8,9,10,11,14,15,16,17,18,19,22,23,25,26,27,28,30,31,33,34,35],929
32,[][1,2,3,4,7,12,13,20,24,29,32][5,6,10,15,16,19,21,23,25][8,11,28,35][9,14,17,22,26,30,31,33,34][18,27][][],1642
32,[][1,3,2,4,7,12,13,20,24,29,32][5,10,11,6,16,15,19,23,21,25][8,28,35][14,30,34,33,17,22,31,27][26,18,9][][],771
32,[][2,1,3,4,7,13,12,20,29,32,24][6,16,19,21,25][5,15,10][8,11,23,28,35][9,26][14,30,34,22][18,27][17,31,33],2152
33,[][1,4,5,8,29,33][2,10,7,15,17,23,26,27,28,34][3,12,14,16,18,20,21,35][11,13,9,6,19,24,25,30,32][22,31],2073
33,[][1,5,4,8,12,16,29,33,35][2,7,10,15,6,11,13,17,23,25,26,28,27,24,30,31,32,34,9,19][3,14,18,21,20,22],2315
33,[][1,5,16,8,4,33,29][31][3,20,14,18,21,22,12,35][9,11][7,10][30,13,19,24][28,27,2,25,6,26,32][17,23,15,34],2608
33,[][1,8,4,5,16,29,33][12,35][3,14,18,21,20][15,6,34,23,28][19,11,30,24][22,31][17,27,26,32,9,10,7,2][25,13],2888
33,[][1,4,5,8,12,16,29,33,35][2,7,10,17,25,26,27][3,14,18,20,21][6,9,11,13,15,19,23,24,28,30,34][22,31,32][][],1135
34,[][1,2,10,12,13,17,20,32,35][6,14,22,25,26,28,34][8,5,15,27][11,16,19,18,21,24,29,31,33][3,4,7,9,23,30],1522
34,[][1,2,10,12,13,14,17,20,32,35][3,4,7,9,25,22,23,30][6,5,26][8,15,27][11,18,19,33,29][21,24,31][28,34][16],1321
34,[][1,2,12,13,14,17,20,32,10,35][3,4,5,15,8,25,22,23,27,28,26,7,30,9,34,6][11,18,19,16,29,24,21,33,31],592
34,[][1,2,3,4,10,12,13,14,17,20,23,30,32,35][5,6,7,8,9,15,27][11,18,19,29,33][16,31,21,24][][22,25,26,28,34],1317
34,[][1,2,10,12,13,14,17,20,32,35][3,4,9,25,28,30,34,22,23][5,6,7,8,15,26,27][11,16,18,19,29,33][21,24,31][],1486
35,[][1,9,12,17,19,23,34,24][2,5,28][3][7,6,11,14,16,15][8,21,33][22,25,31,32,30,13,4][27,29,35,18,20,26,10][],1823
35,[][2,3,5,8,21,28,33][4,19,24,1][6,7,11,14,15,16,29][9,12,17,34,23][10,26,35][13,22,25,30,31,32][18,20,27],12258
35,[][1,4,9,12,13,17,19,22,23,24,25,30,31,32,34][2,3,5,8,21,26,28,33,35,10][6,7,11,14,16,15,29][18,20,27],2995
35,[][1,4,12,13,19,22,24,25,30,31,32][2,3,5,21,28,33,8][6,7,11,14,15,16,29][9,17,23,34][10,18,20,26,27,35],1496
35,[][2,3,5,8,21,28,33][1,4,19,24,22,25,13][6,11,7,14][10,18,29,35,26,16,30,15][23,12,17,34,32,31,9][27,20][],1048
36,[][1,2,9,21,15,22,17,4,33,25,26,29][3,6,7,5,10,11,13,12,14,18,20,30,28,27,24,35][16,19,8,31,32,23,34],850
36,[][1,2,9][3,6,5,13,24,35][4][7,18,12,27][11,14,28,30,20,10][16,31,32,19,23,34,8][17,29,33,15][21,26,25,22],1072
36,[][1,2,15,21,22,25,26,29][3,5,6,7,12,13,18,24,35][4,9,17,33][10,11,14,20,27,28,30][16,19,23,31,32,34,8][][],1122
36,[][1,2,4,9,15,17,21,22,25,26,29][3,5,6,13,24,35][7,10,11,12,14,18,20,23,27,28,30][8,16,19,31,32,34][33],1296
36,[][8,16,23,19,32,31,34][7,10,12,20,18,28,27,30][11,14][5,6,13,3,24,35][1,2,21,22,26,25][4,9][15,17,29][33],4661
37,[][10,11,3,25,32,1][6,2,16,18,5,4,28,27,24,12,33,20],2985
37,[][1,8,9,13,14,23,30][2,6,16,18,33][3,10,11,25,32][4,28][5,12,20,24,27][7,15,19,21,22,26,29,31,34,35][17],9707
37,[][7,15,21,19,22,26,35,34,29,31][1,9,13,17,8,30,32][3,10,25][4,28][2,6,18,16,33][5,12,24,20,27][11][14,23],906
37,[][1,9,13,14,23,30][2,6,16,18,20,33][3,8,10,11,17,25,32][4,28][5,12,24,27][7,15,19,21,22,26,29,31,34,35][],1117
37,[][15,19,26,31,34,35,7,29][3,10,11,21,22,32,25][5,27,12,4,24,28][6,2,16,18,20,33][14,23][13,9,8,30,1,17][],969
38,[][1,3,4,5,10,12,14,15,16,17,23,30,31,33][2,6,7,8,9,11,13,18,19,20,21,22,24,25,26,27,28,29,32,34,35],1409
38,[][1,3,4,5,10,12,14,15,17,23,30,33][2,6,7,8,9,11,13,16,18,19,20,21,22,24,25,26,27,28,29,31,32,34,35],769
38,[][1,4,3,5,10,12,14,15,17,20,22,24,25,19,27,26,28,29,33,30][2,7,6,9,11,13,23,31,32,35,34][16,18,21,8],761
38,[][1,4,5,10,15,23,33][2,6,7,11,13,20,21,24,25,26,27,29,34,35][3,12,14,17,30][8,16,18,31][9,19][22,28,32][],920
38,[][1,4,5,10,12,15,17,23,33][2,6,7,11,13,20,24,27,29,34,35][3,14,30][8,16,18,21,31][9,19,22,25,26,28,32],1248
39,[][1,7,5,15,27,32][3,11,9,19,20][4,12,21,24,28,35][6,8,13,14,16,17,22,30,33][10,18,23,25,26,29,31,34][2],2606
39,[][1,3,9,4,11,12,19,20,21,24,35,28][2,8,6,7,5,13,14,16,15,17,22,33,32,30,27][10,18,23,25,29,34,31,26],528
39,[][1,3,4,9,11,12,19,21,20,24,28,35][8,13,10,6,16,14,18,17,5,2,22,25,26,23,29,31,30,33,34][7,15,27,32],645
39,[][1,4,9,21,28,35,12][2,6,13,14,16,17,22,33][3,11,19,20,24][5,7,8,15,27,30,32][10,18,23,25,26,29,31,34][][],2483
39,[][10,18,29,25,23,26,31,34][6,8,14,13,22,16,17,30][2,33][5,7,15,27,32][19,12,24][11,20,3][4,21,9,28,35,1][],1590
40,[][1,5,8,13,14,17,18,19,20,21,25,27,28,30,33,23,34,22][2,6,7,9,24,31,35][10,3,4,11,16,15,26,29,12,32],5058
40,[][1,5,8,10,13,14,17,19,18,21,20,22,23,25,26,27,29,28,30,32,34,33][6,9,7,2,24,31,35][3,4,11,12,15,16][],743
40,[][1,5,8,13,14,17,19,21,22,23,33,18,30,34,28,25][20,27][10,32,29,26][3,4,15,11,16,12][31][6][35][7,2,9,24],2789
40,[][1,5,8,13,14,17,18,19,21,22,23,25,28,33,30,34][20,27][10,29,32,26][4,11,3,16,15][31,2,35,7,24,9][6,12][],1043
40,[][1,5,8,13,14,17,18,19,21,22,23,25,28,30,33,34][2,7,9,24,31,35][3,4,11,12,15,16][6][10,20,26,27,29,32],1280
41,[][1,3,6,12,14,18,20,21,25,26,27,30][2,4,5,7,10,13,15,19,24][8,9,11,17,23,35][22,28,29,31,33][34,32,16],876
41,[][1,3,6,14,12,18,20,21,30,27,26,25][2,4,5,7,10,13,15,19,24,28][8,11,16,17,22,23,29,31,32,33,34,35,9],976
41,[][1,12,27,30][2,4,5,7,10,13,15,19,24][6,14,20,26,3][8,9,11,17,23,35][16,32,34][18,21,25][22,28,29,31,33],16570
41,[][1,12,27,30][2,4,5,7,10,13,15,19,24][3,6,18,20,21,25,26,14,34][8,9,11,17,23,35][][16,22,28,29,31,32,33],1403
41,[][2,4,5,7,10,13,15,19,24][8,9,11,17,23,16,32,35,34][3,18,26,25,21][14,20,6][31,29,28,33,22][30,27,1,12][],806
