1,[][7,11,22,26,27,8][25][33][1,2,24,31,32][14,15,12,16,10,18,19,21,23,29,17,9,35][28,30,34][3,13,20][5,6,4][][],832
1,[][7,8,11,22,26,27][25][33][1,2,21,32,31][9,10,14,18,19,15,23,16,17,12,29,35][24,30,34,28][13,3,20][6,5,4][][],1183
1,[][27,8,7,11,22,26][25][33][1,21,32,31,2,24][15,14,16,12,9,19,18,17,23,29,35,10][28,30,34][20,3,13][6,5,4][][],1713
1,[][7,8,11,22,26,27][25,33][][1,2,21,24,31,32][9,10,12,14,15,16,17,18,19,23,29,35][28,30,34][3,13,20][4,5,6][][],1077
1,[][11,7,8,22,26,27][25][33][1,2,21,32,31,24][12,14,9,15,16,17,18,19,10,23,35,29][28,30,34][13,20,3][5,6,4][][],962
2,[][3,21,34,33,28][4,1][13,11][5,10,22,9,30,35,32][8,14,19,25,29,31][15,17,23,18][12][20][][2,27,24,16,6,26,7],2976
2,[][3,21,33,34][1,13][7,4,6,11][5,9,22,10,30,32,35][8,19,26,14,25,29,31,28,24,16][2,17,23,18,15,27][12][20][][],1853
2,[][5,3,21,33,34,28][4,1][6,11,13,7][9,10,22,27,23,30,32,35,2][14,8,19,24,25,26,29,31,16][15,17,18][12][20][][],2324
2,[][3,5,21,28,34,33][4,1][6,7,13,11][9,10,22,30,35,32][14,8,29,25,31,19,26,16,24][15,17,23,18][12][20][][2,27],2542
2,[][3,21,5,34,28,33][4,1][13,11,6,7][9,2,27,10,22,32,30,35][14,8,16,19,31,29,26,25,24][15,17,18,23][12][20][][],1692
3,[][19,27,34,23,2,1][6,15,20][8,7,9,24,28][10,12,3,17,30,31][14,16,18,21,32,29,35][4,13,26,33][5,11,22][25][][],1320
3,[][2,19,23,27,34][6,15,20][8,9,7,24,28][17,10,3,30,31,12][1,16,14,18,21,32,35,29,33][4,13,26][5,11][22,25][][],1592
3,[][19,2,34,27,23][6,20,15][8,9,7,28,24][17,10,12,31,30,3][14,16,1,18,21,35,32,29][4,13,26,33][11,5][25,22][][],2925
3,[][19,23,27,34][2,6,20,15][8,9,7,24,28][3,10,17,30,31,12][14,16,18,21,29,32,35,1][4,13,26][11,5][22,25][][33],1558
3,[][2,19,27,23,34][6,15,20][8,9,7,24,28][3,10,17,12,30,31][14,16,18,21,29,32,35,1][4,13,26,33][5,11,22][25][][],1762
4,[][8,1,4,14][5,32,21,12][9,3,35,30][10,19,23,25,29,31,26,15][16,17,28,24,13,7][6,2,11,18,20,34][][27,33,22][][],1223
4,[][1,8,4,14][5,9,32,12,21,30][3,35][10,15,19,23,25,26,29][7,13,17,16,24,28][2,6,11,18,20,34][][22,27,33,31][][],2234
4,[][4,1,8,14][5,12,21,32][9,30,3,35][25,29,15,23,26,19,10,31][17,13,16,7,24,28][2,6,11,18,20,34][][22,33,27][][],1748
4,[][1,4,8,14][5,12,32,21][3,9,30,35][10,15,29,23,25,26,19][13,7,17,16,28,24][11,2,6,20,34][][22,27,33][][18,31],1504
4,[][1,4,8,14][5,21,12,32][3,9,30,35][10,15,23,19,25,26,31,29][7,16,17,24,13,28][2,11,6,18,20,34][][22,27,33][][],1162
5,[][7,15,14,4,29,35,32][12][8,27,28,26,2][1,20,21,5,24,19,25,10][6,11,17,30,31,33][9,13,18,16,3][22,23][34][][],2260
5,[][4,5,15,7,14,29,32,35][12,25,27][2,8,26,28][1,10,20,21][11,17,30,31,33,6][3,9,13,16,18][22,23][19,24,34][][],1299
5,[][14,4,7,15,32,29,35][12,25][2,8,28,26,27][19,20,21,10,5,1,24][6,17,11,30,31,33][13,9,16,3,18][22,23][34][][],2671
5,[][4,5,7,14,29,32,35][12,25,28][2,8,26,27][1,19,20,21,24,10][6,11,15,17,30,31,33][3,9,13,16,18][22,23][34][][],2666
5,[][4,7,14,29,32,35,15][12][8,27,26,28,2][1,5,19,21,20,24,25,10][6,11,17,30,31,33][3,9,13,16,18][22,23][34][][],1193
6,[][1,5,8,11,22,24,26,27,33][2,6,13,14,15,23,29,35][3,16,28][4,17,34][7,21,31][9,10,19,20,32][12][18,25,30][][],1525
6,[][13,2,23,26,14,6,29,15][3,16,28][][25,18,30][11,8,1,5,22,24,27,33,35][17,4,34,32][7,21,31][9,10,19,20][][12],1103
6,[][14,15,2,23,6,13,26,29][3,16,28][][18,25,30][1,22,24,27,33,8][4,17,34,32][7,31,21][9,10,20][][11,12,5,19,35],1370
6,[][13,2,23,6,14,29,15,26][3,16,28][][25,18,30][1,22,8,35,33,27,24][4,17,34,32][7,31,21][9,10,19,20][][5,11,12],998
6,[][15,2,6,13,14,23,26,29][3,16,28][][18,25,30][1,8,5,24,22,33,35,11,27][4,17,34,32][7,21,31][20,9,19,10][][12],999
7,[][14,5,6,17,7,9,30,28][22,29,35][24][1,3,19,13,15][18,12,20,21,23,27,26][10,8,16,11,31,25][4,33,32][2,34][][],2241
7,[][5,9,8,6,7,14,17,28,30][22,29,35][24][13,1,3,15][12,18,20,21,23,27,26][10,11,19,16,31,25][4,32,33][2,34][][],763
7,[][1,3,15][2,34][23][24][][10,11,16,25,31][4,18,20,21,12,26,27,32,33][][7,9,8,13,14,17,22,6,29,30][5,19,28,35],2643
7,[][5,6,7,9,17,30,14,28][22,35][24][1,3,15,13,19][12,20,21,26,27][10,8,11,16,25,31][4,32,33][2,34][23,18,29][],1363
7,[][5,6,7,8,9,14,17,30][22,28,29,35][24][1,3,13,15][12,20,21,26,27][10,11,16,25,31][4,32,33][2,34][19,18,23][],1502
8,[][23,19][17,21,16,24,10,25,30][5,7,14,27,33,32,2][6,8,13,12,3,20,35][9,11,15,1,22][18,29,28][4,31,34][26][][],1179
8,[][19,23][16,17,10,21,24,25,30][7,5,14,27,33,32,2][8,3,6,13,12,20,35][9,1,15,11,22][18,29,28][4,34,31][26][][],1335
8,[][19,23][10,16,17,21,24,25,30][2,3,7,14,27,32,33][6,8,12,13,20,35][1,9,11,15,22][18,28,29][4,31,34][26][5][],2340
8,[][19,6,23][10,17,16,30,24,25,21][7,5,14,27,32,33][8,13,12,3,35,20][1,15,22,9][18,28,29][4,34,31][26][][2,11],2207
8,[][24,30,25,32][3,6,7,10,12,17,21][5,14,16,27,33][8,20,35,13][1,9,11,15,19,22,23][18,28,29][4,31,34][26][2][],2255
9,[][8,16,4,28,26,21][27][17,2,24][1,5,9,15,7,6,19,31][22,23,35,33][3,12,13,10,14,25,20,30,34,32,29][18][11][][],1295
9,[][4,8,16,21,26,28][27][2,17,24][1,5,6,7,9,15,19,31][22,35][3,10,12,13,20,25,29,30,32,34][18][11][][14,23,33],1378
9,[][4,8,21,16,26,28][27][2,17,24][9,5,6,7,1,19,15,31][14,22,23,35,33][13,3,12,20,10,29,30,34,32,25][][18,11][][],668
9,[][4,8,16,21,26,28][24,27][2,17][1,5,6,7,9,15,19,31][22,35][3,20,25,29,30,32,34][18][11][10,12,13,14,23,33][],1688
9,[][24,27][2,31][17][1,5,6,7][4,8,9,14,15,16,19,21,22,26,28,35][10,12,13,20,25,29,30,32,3,34][][11,18][23,33][],2843
10,[][18,17,5,12][26][2,7,32,19][8,10,16,6,31,28,27,35,24][13,30,29,25,34,9][1,14,22,33][3][][20,21][23,15,11,4],3047
10,[][5,18,17,12,15][19,26][2,7,32][6,8,10,16,27,24,31,28,35][11,4,13,25,9,23,29,30,34][1,14,22,33][3][][21,20][],1180
10,[][20,5,12,15,18,17][26][7,2,19,32][8,6,10,16,24,27,28,35,31][13,4,9,11,23,25,34,30,29][14,22,1,33][3][][21][],656
10,[][5,12,15,17,18][26][2,7,19,32][6,8,10,16,24,27,28,31,35][4,9,11,13,23,25,29,30,34][1,14,22,33][3][][20,21][],1621
10,[][2,32][26][7,19][6,10,16,24,8,27,28,31][1,4,5,9,11,13,15,17,18,23,25,29,30,34,35][22,33,14][3][][20,21,12][],3502
11,[][35,7,8,12,21,25,26][30,16][11][9,5,18,19,13,23][6,4,3,1,17,20,27,31][10,15,14,28,32,34][22,24,29,33][2][][],1220
11,[][7,8,5,12,21,25,26][16,30][11][9,13,18,19,23][1,3,4,6,17,20,27,31][10,14,15,28,32,34][22,24,29,33][2,35][][],2400
11,[][7,12,25,21,35,26,8][16,30][11][9,5,13,18,19,23][6,1,3,20,27][10,14,15,28,32,34][22,24,29,33][2][31,17,4][],2609
11,[][7,8,12,25,21,26,35][16,30][11][5,9,13,18,19,23][3,4,1,6,17,20,27,31][10,14,15,28,34,32][33,24,22][2,29][][],1325
11,[][][8,16,30][11][9,13,18,19,23][1,3,4,5,6,7,12,17,20,21,25,27,31,26][10,14,15,28,29,32][22,24,33,34][2,35][][],3237
12,[][14,18,17,22,23,34][][9,7,27,29,31][3,15,13,26,21,30,2,35,5][12,16,33,8][4,20,19,28,10,24][25,1,32][6,11][][],885
12,[][1,25,32][2,14,17,18,22,23,24,34][3,5,9,13,15,21,26,30,35][4,20,10,19,28][6][7,27,29,31][8,12,16,33][][11][],1836
12,[][18,14,23,22,17][][7,9,2,27,31][3,13,15,5,21,26,30,35][16,12,33,34,8][10,4,19,20,28][1][6,11][][29,32,25,24],1256
12,[][14,22,18,23,34][][7,9,31,29,27][3,21,15,2,5,13,30,35,26][8,12,16,17,33,24][10,4,20,19,28][1,32][11,6,25][][],1028
12,[][29][27,31][9,7][3,15,21,26,30,34][2,8,12,13,14,16,17,18,22,23,33,35,5][4,10,19,20,24,28][1,25,32][6,11][][],3271
13,[][6,21,34,32][14,10][8,29,31][4,18,26,30,33,35][9,1,3,19,16,20,25,7,28,23][5,2,17,27,12][13][11,22,24][][15],885
13,[][6,21,32,34][10,14][8,29,31][18,4,26,30,33,35][3,1,9,19,20,23,25,28,16,7][17,12,5,2,27][13,15][11,22,24][][],2507
13,[][6,21,34,32][10,14][8,29,31][18,4,30,33,35,26][7,9,20,25,23,19,1,3][5,17,27,2,12][13][22,11,24][][16,15,28],1362
13,[][][10,14,15][8,29,31][4,26,35,33,18][3,6,7,9,16,1,19,20,21,23,25,28,30,32,34][2,5,12,17,27][13][11,22,24][][],3614
13,[][6,21,32,34][10,14,15][8,29,31][4,18,26,30,33,35][1,3,7,9,16,19,20,23,25,28][2,5,12,17,27][13][11,22,24][][],1587
14,[][3,4,23,25,32,1][18,15,29,9,8,11][20,6][2,12,16,10,26,27,35][19,24,28,34][7,14,13,22,30,31][][5,17][][21,33],1375
14,[][4,1,3,25,23,32][15,8,11,9,29,18][6,20][12,10,16,2,35,26,27][24,19,28,21,34,33][13,14,7,22,31,30][][5,17][][],821
14,[][3,4,1,25,23,32][9,15,18,8,11,29][20][2,16,12,10,26,27,35][24,28,19,34,33,21][7,13,14,30,22,31][][5,17][][6],949
14,[][][9,11,15,18,20,8,29][6][2,12,16,26,27,35,10][3,4,19,21,23,24,25,28,32,33,1,34][13,14,22,7,30,31][][5,17][][],2945
14,[][1,3,4,23,25,32][8,9,11,15,18,29][6,20][2,10,12,16,26,27,35][19,21,24,28,33,34][7,13,14,22,30,31][][5,17][][],985
15,[][7,12,26,24,28,30,29,31][9,33][13][3,11,21,23][4,2,14,1,5,18,25,32][8,10,22,6,15][19,20,35][16,17,27,34][][],699
15,[][7,12,26,24,29,31,30,28][9][33][11,23,21,3][1,4,14,18,25,32][6,8,10,15,22][19,20,35][34,27,17,16][13,5,2][],1212
15,[][7,12,24,26,29,28,30,31][9][33][3,11,21,23][1,2,4,5,14,18,25,32][6,8,10,15,22][19,20,35][16,17,27,34][][13],1057
15,[][7,12,24,26,29,30,31][9,28,33][13][3,11,21,23][1,4,5,14,18,25,32,2][6,8,10,15,22][19,20,35][16,17,27,34][][],1605
15,[][][11,13,33][9,28][23][1,3,4,5,7,12,14,18,21,24,25,26,29,30,31,32][6,8,10,15,22][19,20,35,2][16,17,27,34][][],3366
16,[][11,20,24,26,27,29,33,15][3,21][5,28,16,22][7,8,18,25,35,32][12,10,19,30,31][9,14,4,6,1,34][23][][2,17][13],1808
16,[][11,15,20,24,26,27,29,33][3,21][5,16,22,28][7,8,17,18,25,32,35][10,12,19,30,31][1,4,6,9,14,34][23][][2][13],1625
16,[][20,2,11,24,15,27,26,29,33][3,21][5,16,22,28][8,7,18,17,25,32,35][13,12,10,19,31,30][6,9,14,1,4,34][23][][][],1740
16,[][11,15,24,26,27,29][3,17,21,33][5,16,22,28][7,8,18,25,32,34,35][10,12,13,19,20,30,31][1,4,6,9,14][23][][2][],1721
16,[][21][3,17,32][5,16,28][7,8,18,22,25,34][12,13,15,19,20,24,26,10,27,29,30,31,33,11,35][1,4,6,9,14][23][][2][],2344
17,[][3,5,10,30,31][13,15,18,19,23][][11,14,28,27,35][12,6,9,8,2,16,17,20,22,34,33,25][4,1,21,29,26][][7,24,32][][],1109
17,[][3,5,10,30,31][23,13,15,18,19][][11,14,27,28,35][9,8,12,6,16,2,20,17,22,34,33,25][4,1,21,29,26][][7,32,24][][],632
17,[][10,3,5,31,30][13,15,18,19,28,23][][14,11,35,27][2,9,8,17,20,16,25,34,33][1,4,29,21,26][][24,32,7][][6,12,22],791
17,[][13,15,18,19,23,28][][][14,35][2,5,6,3,8,9,10,11,12,16,17,20,22,25,30,31,33,34][1,4,21,26,27,29][24][7,32][][],3553
17,[][2,3,5,10,31][13,19,23,15,18][][11,14,27,28,35][6,8,9,12,16,17,20,22,25,30,33,34][1,4,21,26,29][24][7,32][][],2070
18,[][11,14,15,20,21,24,32][3,5][18,27][2,12,31][4,6,7,13,22,25,28,29,33][8,10,17,23,30,35,16][1,34][9,26][][19],1437
18,[][11,14,15,24,21,32,20][3,5][27,18][12,2,31][13,7,6,4,22,25,29,19,28,33][10,8,23,17,35,30,16][1,34][9,26][][],1169
18,[][11,14,15,24,32,20,21][3,5][18,27][12,2,31][7,6,13,4,25,28,22,19,33,29][10,8,16,17,30,35,23][1,34][9,26][][],708
18,[][11,14,15,20,21,24,32][3,5][18,27][2,12,31][4,6,7,13,19,22,25,28,29,33][8,10,16,17,23,30,35][1,34][9,26][][],1584
18,[][][3,5][18,27][12,31][4,6,2,7,13,14,15,19,20,21,22,24,28,29,32,33,11,25][8,10,23,30,35,16,17][1,34][9,26][][],3727
19,[][1,16,21][13,11,10,27,33,32,30,31][4,17,26,22,24][8,15,20,29][7,12,18,5,28][2,23,19,6,25][14,9][3,35,34][][],853
19,[][1,16,21][13,10,11,27,33,31,32,30][4,17,26,24,22][8,20,15,29][7,12,5,18,28][2,6,19,25,23][14,9][3,35,34][][],855
19,[][1,13,17,22,26][4,10,11,24,27,31][32,33][8,15,20,29,30][5,7,12,18,28,21][19,2,16,23,25,6][9,14][3,34,35][][],2296
19,[][16,21,1][13,30,32][26,17,22,24][8,20,29,15][5,7,12,18,28][2,19,23,25,6][9,14][3,35][4,10,11,27,34,31,33][],2280
19,[][16,21,1][10,11,13,27,31,32,33][4,17,22,24,26][8,15,20,29,30][5,7,12,18,28][2,6,19,23,25][9,14][3,34,35][][],1775
20,[][15,14,20,27,28][5,32][25,24,31][7,1,12,19,17,23,26,30,10][11,6,13,8,21,22,29,33,34,18][4,3,2,35][][16,9][][],1716
20,[][14,15,20,27,28][32][31][1,12,10,7,23,19,26,30,17][13,11,8,6,18,21,22,29,34,33][4,2,3,35][][9,16][][5,24,25],1127
20,[][14,15,20,27,28][5][24,25,31][1,7,10,12,17,23,30,26,19][6,8,11,13,21,29,33,34,22][2,3,4,35][][9,16][18,32][],1350
20,[][14,15,20,27,28][5,32][24,25,31][1,7,10,12,17,19,23,26,30][6,8,11,13,18,21,22,29,33,34][2,3,4,35][][9,16][][],1557
20,[][32][5,19,24][25,31][7,17,23,26,30,1][6,8,10,11,12,13,14,15,18,20,21,22,27,28,29,33,34][2,3,4,35][][9,16][][],2028
21,[][12,15,17,18,3][11,21,22,19][1,23][7,4,14][9,20,24,27,29,35,33,25,5][13,26,34,32][][16,28,30,31,6][][8,10,2],3664
21,[][3,12,15,17,18][2,11,19,21][1,23][4,14][5,9,20,24,27,29,35][13,32,34,26][22][6,16,28,30,31][7,8,10,25,33][],2487
21,[][3,17,12,15,18][11,19,22,21][2,1,23][7,14,4][5,9,20,27,29,35,33,25,24][13,8,10,34,32,26][][6,16,28,30,31][][],699
21,[][3,12,15,17,18][19,11,21,22][2,1,23][7,14,4][5,9,20,24,27,25,33,35,29][8,13,10,26,32,34][][6,16,28,31,30][][],3011
21,[][11,19,21,22][25][1,2,23][4,7][3,5,9,12,14,15,17,18,20,24,27,29,33,35][8,10,13,26,32,34][][6,16,28,30,31][][],1764
22,[][20,21,30][2,6,10,23,34][5,16,31][4,11,13,15,22,33][7,8,14,25,26,29][1,3,12,18,24,32,35][17][19,28][][9,27],1479
22,[][30,20,21,3][6,10,23,2,34][16,31][4,11,22,15,13,33][8,7,9,14,27,29,26,25][12,1,18,24,32,35][17][19,28][][5],1963
22,[][3][5,16][6,2,10,23,31,34][4,13,33][7,8,11,14,15,20,9,22,25,26,27,29,30][12,18,21,24,32,35][1,17][28,19][][],2365
22,[][20,30,21,3][23,6,34][5,16][4,11,13,15,22,33][8,14,7,25,26,29][1,12,18,24,32,35][17][19,28][9,27,31,10,2][],1669
22,[][20,21,29,30,3][2,6,10,23,34][16,31][4,5,11,13,15,22,33][7,8,9,14,25,26,27][1,12,18,24,32,35][][19,28][17][],2334
23,[][5,7,28,30,31,33][32][1,25,23][29,24,19,12][2,14,18,3,6,4,16,17,21,34][11,20,10,27,26,35,13][22,9][8][15][],1066
23,[][5,7,28,30,31,33][3,32][1,23,25][12,19,24,29][2,4,6,14,16,18,21][10,11,13,20,26,27,35][9,22][8][15][17,34],1762
23,[][33,5,7,30,28,31][32][1,23,25][19,24,29,12][6,4,2,3,14,18,16,21,17,34][10,11,20,13,27,26,35][9,22][8][15][],2349
23,[][][1][23,25,32][29][2,3,4,5,6,7,12,14,16,17,18,19,21,24,28,30,31,33,34][10,11,13,20,26,27,35][9,22][8][15][],2317
23,[][7,5,28,31,30,33][32][1,25,23][29,24,12][4,2,6,14,3,18,19,17,16,21,34][10,11,13,20,27,26,35][22,9][8][15][],2202
24,[][1,3,13,16,18,24,27,28][2,5,10,15,26,30][4,9,17,19,31][6][7,8,11][12,32,33][14,20,21,23,25,34][22][29][35],1518
24,[][7,8,11][1,13,16][24,27,28,18,35][6,14,23,25,20,34][4,9,19,21][2,5,10,15,26,29,30][][12,22,32,33][17,31,3][],1213
24,[][7,8,11][1,3,13,16][18,24][6,14,20,21,23,25,34][4,9,17,19,31][2,5,10,15,26,29,30][][12,22,32,33][][27,28,35],1401
24,[][11,7,8][3,1,13,16][18,24,27,35,28][6,14,20,25,23,21,34][4,9,19,17,31][10,5,2,15,26,29,30][][12,22,32,33][][],2030
24,[][24,27,28][1,3,13,16][18,20][6,14,21,23,25,34][4,7,8,9,11,17,19,31][2,5,10,15,26,30][29][12,22,32,33][35][],1903
25,[][3,6,11,13,22,10][2,17,18,20,21,28,29][4,14,19,34][7,8,26,1][9,16,23,27,32,33,5][12,24,25][15][30][31,35][],3495
25,[][9,10,23,16,27,28,33,32][29][2,11,17,18,20,21][3,1,5,13,22,6][4,14,19][7,8,15,26][25,30][12,24][][31,35,34],1268
25,[][9,10,16,23,27,32,33,28][29][2,20,21,31,17,18,35,11][1,5,6,3,13,22][4,19][8,7,15,26][25,24,30][][34,14,12][],1476
25,[][9,10,16,27,32,23,28,33][29][11,2,17,18,20,21,31,35][13,6,5,3,1,22][4,14,19,34][8,7,15,26][24,25,30][12][][],832
25,[][31,35][17,18,21,29][2,20][1,3,5,6,13,22][4,9,10,11,14,16,19,23,27,28,32,33,34][7,8,15,26][24,12,25,30][][][],2279
26,[][10,20,27,26,32,29][2][9,11,3,21,23,31][5,7,6,33,30,35][1,12,22,15,16,28,17,24][8,14,25,19,34][13,4,18][][][],700
26,[][2][][3,9,11,10,21,23,31,35][6,7,30,33][1,5,15,16,17,20,22,24,26,27,28,29,32,12][8,14,19,25,34][4,13,18][][][],1617
26,[][20,10,29,27,26,32][2][3,9,21,11,23,31][7,5,6,30,35,33][16,15,17,22,28][14,8,19,25,34][4,13,18][][][1,12,24],968
26,[][10,20,26,27,29,32][2][3,9,11,21,23,31][5,6,7,30,33,35][15,16,17,22,28][8,14,19,25,34][4,13,18][][][1,12,24],1018
26,[][10,20,26,27,32][2][3,9,11,21,23,31][5,6,7,30,33,35][1,15,16,17,22,24,28,29][8,14,19,25,34][4][][12,13,18][],1970
