1,[][2,3,19,17,35][4,8,13,27,28][1,32,33][5,21,18,7,11][16,15,24,14,34,22,9][6,20][10,25,12,31][30,26,29,23],1441
1,[][2,3,5,7,11,17,18,19,21,35][4,6,8,9,10,12,13,14,15,16,20,22,24,25,27,28,30,31,34][23,26,29,1,33,32],871
1,[][14,15,16,22,24,34,9][3,2,19,17,35][5,7,11,21,18][4,6,8,13,27,28][10,12,25,31][20,23,1,26,29,30,32,33],1636
1,[][6,8,9,10,12,13,14,15,16,20,22,24,25,27,28,31,34,4][2,3,5,7,11,17,18,19,21,35][1,23,26,29,30,32,33],1220
1,[][1,20,23,26,29,30,32,33][2,3,5,7,11,17,18,19,21,35][9,14,15,16,22,24,34][8,6,13,27,28,4][10,12,25,31],4015
1,[][2,3,5,7,11,18,19,21,35][4,8,9,10,12,13,14,15,16,17,22,24,25,27,28,31,34][6,20,23,26,29,30,32,33,1],675
1,[][1,20,33,32][2,3,17,19,35][7,5,11,18,21][8,13,6,4,27,28][15,16,24,22,34,9,14][29,30,26,23][25,31,12,10],1851
1,[][1,33][2,3,17,19,35][4,8,10,13,12,14,15,16,9,22,25,27,28,34,31,24][5,11,18,21,7][29,30,32,23,26][20][6],1745
1,[][2,3,17,19,35][12,8,10,13,4,27,28,31,25,34,24][5,11,7,21,18][23,26,29,30,1,32,33,20,6][9,14,16,15,22],1419
1,[][2,3,19,17,35][5,7,11,21,18][12,10,31,25][4,13][15,14,9,16,22,34,24][23,26,30,29][27,28,8][1,33,32,20,6],1793
1,[][2,3,5,7,11,19,18,21,35][4,8,14,13,16,22,25,27,28,31,12,10,9,15,6,17,34,20,24][33,32,30,29,26,23,1],974
1,[][1,9,14,15,16,22,24,34,33][8,27,28][10,12,31,25][4,13,6][2,3,19,17,35][23,26,29,30,32][5,18,21,7,11][20],1900
1,[][2,3,4,5,7,8,9,10,11,12,13,14,15,16,17,18,19,6,21,22,24,27,28,35,34,31,25][1,20,29,30,26,32,23,33],1733
1,[][2,3,19,17,35][5,11,7,21,18][8,13,4,27,28,6][10,12,25,31][23,26,29,30][32,33,1,20][34,24,16,15,14,9,22],1662
1,[][1,6,20,23,26,29,30,32,33][2,3,17,19,35][4,8,9,10,12,13,14,15,22,24,25,27,28,31][5,7,11,16,18,21,34],2628
2,[][5,10,14][1,2,6,9,11,13,22,15,19,23][3,7,8,12,17,27,26,28,24,25,34,31,35,29][18,16,30,33,4][20][32][21],1384
2,[][1,2,9,11,13,15,6,22,23][5,10,14,16,4][12,8,3][21,32,19][25,7][27,26,28,31,34,24,17][30,29,33,18][35,20],1052
2,[][1,2,6,11,15,13,9,22,23][19,21,20,32][4,16,18,30,33][7,25,35][8,12,3][5,14,10][24,26,28,29,27,31,34,17],1539
2,[][1,2,9,11,13,15,6,22,19,23][12,8,3][35,25,7][18,4,5,16,14,10,30,33][26,24,27,28,31,34,17,29][32,21,20][][],2124
2,[][][8,10,12,7,4,14,16,5,3,17,18,25,24,31,33,28,27,30,26,29,35,34][6,9,13,15,11,2,1,23,19,20,21,22,32],2331
2,[][2,9,11,13,15,19,20,21,22,32,23,6,1][3,7,8,10,12,14,16,17,18,5,4,24,25,26,29,30,31,33,34,35,27,28],523
2,[][2,1,6,9,11,13,15,22,23,19][3,8,12][14,18,5,10][17,26,27,28,24,31,34][25,29,7,35][33,30,16,4][21,32][20],1890
2,[][4,33,30,18,16][17,24,26,27,28,31,34][3][14,10,5][11,6,13,2,15,1,22,19,9,23,21][8,12][32][35,25,29,7,20],1354
2,[][2,1,6,9,11,22,15,13,19,23][3,8,12][4,5,16,18,33,30,29][7,35,25][10,14][17,26,27,28,31,34,24][20][21,32],1211
2,[][1,2,6,9,11,13,15,22,23][8,3,12][17,26,27,28,31,29,24,34][33,30,16,4,18][35,25,7,20][14,10,5][19,21][32],3139
2,[][2,1,6,9,11,13,15,22,23][3,8,12,17,26,27,28,24,31,34,35,7,25][16,18,14,10,5,30,33,29,4][21,19][32][20],1486
2,[][17,24,26,27,28,31,34][2,6,9,1,11,13,15,22,23,19][3,8,12][4,5,10,14,16,18,29,30,33][7,25,35,20][21,32],3612
2,[][4,16,18,33,30][3,8,12][2,1,11,6,9,13,15,19,22,23][5,14,10][26,17,24,27,28,31,34][29,7,35,25][20][32,21],1536
2,[][3,8,12,7,17,24,26,25,27,28,31,34,35][1,2,6,9,11,13,15,21,22,19,23,32,20][4,5,10,14,16,18,30,33,29],6986
2,[][1,2,6,9,11,13,15,22,23][3,8,12][4,5,18,33,29,30][7,16,25,35][14,10][17,26,31,27,24,28,34][32,21,19][20],2121
3,[][3,2][1,15,28,31][11,9,23,32,34][10,7,14,18,22][6,13,20,16,12,29,35][19,8,26,33][24,25,5,17,30][27,21,4],1147
3,[][1,6,13,15,28,16,20,12,35,31][2,3][5,24,25,17,30][7,10,14,18,22][8,19,26,33,21][9,11,23,34,32][29][4,27],1455
3,[][15,1,28,31,35][12,13,6,29,20][5,17,24,25,16,30][8,19,26,33][10,14,7,18,22][9,11,23,34,32,27,4][3,2][21],886
3,[][1,6,12,13,15,20,28,29,31,35][2,3][5,17,24,25,30][7,10,14,16,18,22][9,11,23,32,34][19,26,33,8,21][4,27],3529
3,[][1,6,12,13,15,20,28,29,31,35][2,3][4,27][5,17,24,25,30][7,10,14,16,18,22][8,19,21,26,33][9,11,23,32,34],3625
3,[][5,16,24,25,12][2,3][4,9,11,23,27,32][10,14,18,22,7,34][8,19,26,33,21][17,30][1,28,15,31][13,20,6,29,35],1988
3,[][2,3][4,27,30][6,12,13,16,20,29,35][7,10,14,17,18,22][9,11,23,32,34][8,19,26,33,21][24,25,5][15,31,28,1],2353
3,[][1,15,31,28][12,6,13,20,35,29][18,14,10,22,7][26,8,19,33][25,24,5,17,16,30][32,11,9,34,23][3,2,21][4,27],2366
3,[][1,2,3,4,9,11,15,23,27,28,30,31,32,34][5,6,7,8,10,12,13,14,16,17,18,19,20,21,22,24,25,26,29,33,35],894
3,[][1,15,31,28][4,27][14,8,7,19,17,18,16,22,24,26,5,10,25,33][12,13,6,20,35,29][2,3][21][11,23,9,32,34][30],1121
3,[][1,6,20,12,13,15,28,29,31,35][2,3][4,27][5,17,16,24,25][7,18,10,14,22][19,21,26,33,8][9,11,23,32,34][30],1404
3,[][1,15,28,31][2,3,21][12,13,16,29,35,20][7,14,18,22,10][19,8,33,26][6][23,11,32,9,30,27,34,4][17,25,24,5],1572
3,[][14,18,10,7,22][2,3,27,4][8,19,26,33,21][5,16,17,24,25][1,15,31,28][11,9,23,32,30,34][12,29][13,20,6,35],4241
3,[][1,6,12,13,15,16,20,28,29,31,35][5,8,7,10,14,17,18,19,22,21,24,25,26,33][4,9,11,23,27,30,32,34][2,3],1064
3,[][6,13,16,20,29,35][2,3][4,9,11,21,23,27,32,30,34][8,10,14,18,19,22,26,33,7][17,5,24,25][15,28,12,1,31],139
4,[][2,3,9,11,12,6,15,16,17,19,20,21,24,26,30,31,32,35][4][5,10,14,22,25,27,29][7,8,13,23,28][34,33,18,1],1247
4,[][1,18,33,34][2,3,16,12,11,9,32,30][4][5,10,25,29][13,8,7,23,28][19,21,15,6,24][26,35,31,20,17][27,22,14],1487
4,[][1,8,13,18,23,28,33,34,4,7,9][5,10,2,14,15,17,19,20,22,21,24,25,27,26,29,30,31,35,3,16,32,12,6,11],1876
4,[][5,10,25,29][11,6,9,12,17,15,19,20,21,16,2,3,24,26,30,35,32,31][8,7,13,28,23][27,22,14][1,34,18,33][4],1241
4,[][8,7,23,28,13][17,26,20,31,35][4][5,10,29,25][14,27,22][9,11,3,12,16,2,30,32][15,6,21,19,24][18,1,34,33],2087
4,[][1,7,8,13,18,23,28,33,34][2,3,6,9,11,12,15,16,17,19,20,21,24,26,30,31,32,35][5,10,14,22,25,27,29][4],663
4,[][10,5,25,29][2,3,11,12,15,17,16,19,21,20,24,6,26,9,30,31,32,35,22][14,27][4][34,33,18,1][28,23,7,13,8],1896
4,[][2,3,9,16,12,11,30][5,10,25,29][7,13,8,28,23][6,19,15,21,24,32][17,26,31,35,20][18,34,33,1][27,22,14][4],1468
4,[][1,18,33,34][2,3,9,16,11,12,30][4][5,10,22,25,27,29,14][6,15,21,19,24,32][7,8,13,23,28][17,20,26,31,35],7969
4,[][1,18,33,34][2,3,11,12,9,16,30][4][5,10,14,22,25,27,29][8,13,7,23,28][15,6,19,24,32,21][20,26,31,35,17],9887
4,[][8,13,28,23,7][5,10,29,25][4][14,22,27][12,30,32,9,3,2,16,11][1,18,33,34][17,26,31,35,20][15,21,19,24,6],2093
4,[][2,3,6,5,10,11,9,14,15,16,17,19,20,21,22,24,25,26,27,29,30,31,32,35,12][1,4,7,18,23,28,33,34,8,13],1569
4,[][1,18,34,33][2,3,9,11,12,16,30,32][8,7,13,28,23][10,25,29,5][4][14,27,22][15,19,21,24,6][20,17,26,31,35],1355
4,[][7,8,13,23,28][2,3,9,12,30,32,11,16][4][5,10,25,29][6,15,19,21,24][14,22,27][17,20,26,31,35][1,18,34,33],1302
4,[][26,17,20,31,35][18,1,34,33,4][16,2,3,32][6,15,19,21,24][5,10,29,25][14,22,27][13,8,7,28,23][12,11,9,30],1325
5,[][1,4,25,29,32,35,20][2,19,24,23][5,6,12][7,8,15,18,21,26,31,33,34][9,17,27,16,28,30,10,11][3,14,13][22],1524
5,[][1,2,4,5,6,7,8,12,15,13,14,3,18,19,20,21,22,23,24,25,26,29,31,32,33,34,35][9,11,10,16,17,27,28,30],1388
5,[][22][2,16,19,20,23,24][3,14,13][5,6,12,4,1,25,29,32,35][7,8,21,26,31,34][9,17,27][10,11,28,30][15,18,33],2692
5,[][1,4,5,6,12,25,29,32,35][2,16,19,20,23,24][3,14,13][7,8,21,26,31,34][9,17,27][10,11,28,30][15,18,33][22],2748
5,[][1,4,25,29,35,32][2,16,19,20,23,24][3,13,14][5,6,12][7,8,21,26,31,34][9,17,27,30,28,11,10][22][15,18,33],1411
5,[][13,3,24][5,6,22][10,11,14,17,9,28,30,27][12][7,8,21,26,34,31][16,2,23,19][15,33,18][32,35,25,29,4,20,1],2128
5,[][1,5,6,12,25,29,32,35][3,14,13][9,10,16,11,17,27,28,30][4,2,19,18,21,23,22,7,8,15,20,24,26,31,33,34],4566
5,[][3,13,22][20,23,19,24,2][16][7,8,21,26,34,31][15,18,33][12,5,6,4,1,25,29,35,32][9,17,27][11,10,14,28,30],1626
5,[][1,4,20][29][35,32,25][5,6,12][7,8,21,15,19,23,26,33,31,34,18,24,2][10,16,17,9,28,27,30,11][14,13,3][22],1282
5,[][2,19,23,24,20,16][12,6,5,1][3,14,13][8,15,18,21,26,31,7,34,33][10,11,28,30][17,27,9][29,35,25,32,4][22],3230
5,[][1,25,29,32,35][2,4,19,23,24,20,16][5,6,12][7,8,21,26,31,34][14,10,11,28,30,3,13][22][18,15,33][27,17,9],4350
5,[][1,5,6,25,12,29,32][14,13,11,10,30,28,27,17,16,9,3][18,15,8,7,4,2,23,24,20,19,21,22,26,31,33,34,35],680
5,[][1,2,4,5,6,7,8,12,18,19,20,21,23,24,25,26,29,31,32,33,34,35,15][3,9,10,11,13,14,16,17,22,27,28,30],322
5,[][1,4,25,29,35,32][2,19,23,24,20][5,6,12,22][7,8,31,34,26,21][10,11,28,30][14,13,3][15,18,33][9,17,27,16],3471
5,[][1,5,6,12,20,4,25,29,32,35][2,7,8,15,18,19,21,23,24,22,26,31,33,34][10,9,11,14,17,16,28,30,27,3,13],706