1,[][][2,4,12,15,24,34][1,5,7,8,9,10,13,14,17,20,27,31,35][3,6,11,16,18,19,21,22,23,25,26,28,29,30,32,33],1000
1,[][1,2,4,5,7,8,9,10,12,13,14,15,17,20,24,27,31,34,35][11,16,19,21,26,28,29,30][3,6,18,22,23,25,32,33],1000
1,[][2,13,21,24][5,7,8,14,16,17,22,29,30,31,32][1,3,4,6,9,10,11,12,15,18,19,20,23,25,26,27,28,33,34,35],1000
1,[][2,5,7,8,13,14,16,17,21,22,24,29,30,31,32][1,3,4,6,9,10,11,12,15,18,19,20,23,25,26,27,28,33,34,35],1000
1,[][][3,23][2,8,17,27,31,33,34,35][1,4,5,6,7,9,10,11,12,13,14,15,16,18,19,20,21,22,24,25,26,28,29,30,32],1000
1,[][][2,13,21,24][8,16,30,31,32][5,7,14,17,22,29][1,3,4,6,9,10,11,12,15,18,19,20,23,25,26,27,28,33,34,35],1000
1,[][2,5,7,8,13,14,16,17,21,22,24,29,30,31,32][1,3,4,6,9,10,11,12,15,18,19,20,23,25,26,27,28,33,34,35],1000
1,[][2,3,8,17,23,27,31,33,34,35][4,6,7,10,11,19,21,24,26,28,29][1,5,9,12,13,14,15,16,18,20,22,25,30,32],1000
1,[][1,5,9,15,24][8,17,25,27,32][6,7,11,19][2,4,12,23,28,33][14,16,31][10,13,22,26,29,34,35][3,18,20,21,30],1000
1,[][2,13,21,24][8,16,30,31,32][5,7,14,17,22,29][6,10,12,19,20,23,25,26,28,35][3,9,15][1,4,11,18,27,33,34],1000
1,[][2,5,7,8,13,14,16,17,21,22,24,29,30,31,32][6,10,12,19,20,23,25,26,28,35][3,9,15][1,4,11,18,27,33,34],1000
1,[][2,5,7,8,13,14,16,17,21,22,24,29,30,31,32][6,10,12,19,20,23,25,26,28,35][3,9,15][1,4,11,18,27,33,34],1000
1,[][2,5,7,8,13,14,16,17,21,22,24,29,30,31,32][6,10,19,28][12,20,23,25,26,35][3,9,15][1,4,11,18,27,33,34],1000
1,[][][2,13,21,24][5,7,8,14,16,17,22,29,30,31,32][6,10,19,28][12,20,23,25,26,35][3,9,15][1,4,11,18,27,33,34],1000
1,[][2,5,7,8,13,14,16,17,21,22,24,29,30,31,32][6,10,19,28][12,20,23,25,26,35][3,9,15][1,4,11,18,27,33,34],1000
1,[][][2,13,21,24][8,16,30,31,32][5,7,14,17,22,29][6,10,12,19,20,23,25,26,28,35][3,9,15][1,4,11,18,27,33,34],1000
1,[][2,3,8,17,23,27,31,33,34,35][4,6,7,10,11,19,21,24,26,28,29][12,15,18,22,30,32][1,5,9,13,14,16,20,25],1000
1,[][2,5,7,8,13,14,16,17,21,22,24,29,30,31,32][1,3,4,6,9,10,11,12,15,18,19,20,23,25,26,27,28,33,34,35],1000
