18,[][1,2,19,28,20,35,33,23][10,6,5,4,8,18,7,9,3,12,26,27,25,15,14,17,21,11,34,32,31,30,29,24,22,16,13],771
18,[][1,2,19,20,23,35][3,4,5,6,7,8,10,11,9,12,13,14,15,16,18,21,24,25,26,22,27,29,30,28,31,32,33,34,17],923
18,[][1,2,23,19,20,28,33,35][3,9,18,14,12,31,22,34,27][8,10,7,16,17,30,32][4,5,15,11][24,6,25,13,29][26,21],1246
18,[][1,2,19,20,23,28,33,35][5,6,4,13,12,14,11,10,9,15,17,3,7,8,26,29,30,31,34,32,27,25,24,22,21,18,16],1551
18,[][1,2,19,20,23,28,33,35][6,10,7,8,21,16,13,17,24,25,26,29,30,32][3,11,9,14,12,18,22,27,31,34][4,5,15],1524
18,[][1,2,19,20,23,28,33,35][3,4,5,6,8,15,16,13,7,9,10,11,12,17,25,26,22,29,14,31,34,32,30,27,24,21,18],2325
18,[][4,5,9,11,12,14,15,18,22,27,34,31,3][1,2,19,20,23,28,33,35][6,7,8,10,13,16,17,21,24,25,26,29,30,32],2508
18,[][1,19,2,28,23][26,21][14,9,18,22,3][8,10,7,32,17,30][25,16,13,5,6,29,24][35,20,33][4,15,11,12,27,34,31],2816
18,[][2,1,19,20,23,28,33,35][3,4,5,9,11,12,14,15,18,22,27,31,34][6,7,8,10,13,16,17,21,24,25,26,29,30,32],974
18,[][6,5,24,15,25,29,26,21,13][8,7,10,16][20,19,2,23,28,33,35,1][22,18,14,9,4,3,34,31,27,12,11][17,32,30],2412
18,[][3,9,11,12,14,15,18,22,27,34,31,23,4][5,6,7,8,10,13,16,17,21,24,25,26,29,30,32][1,20,2,19,28,33,35],1761
18,[][1,2,3,9,11,12,14,15,18,19,20,22,23,4,27,28,31,33,34,35][5,6,7,8,10,13,16,17,21,24,25,26,29,30,32],784
18,[][3,4,5,6,7,8,9,10,11,12,13,14,15,16,17,18,21,22,24,25,26,27,29,30,31,34,32][1,2,19,20,23,28,33,35],1033
18,[][3,4,9,11,12,14,15,22,27,18,31,34,5][6,7,8,10,13,17,16,21,24,25,26,29,32,30][19,33,28,35,23,20,2,1],2669
18,[][6,7,8,10,16,13,17,21,25,24,26,29,30,32][9,14,3,18,15,12,11,22,27,31,34,4,5][1,2,19,23,20,28,33,35],2149