19,[][1,2,6,7,9,10,12,19,22,23,24,25,26,27,28,32,34,35,15][16,17,18,20,3,4,5,8,11,13,21,29,30,31,33,14],2232
19,[][1,2,27][11,14,17,18][10,15,19,22,24,26,34,35,32][9,7,25,12,28,6,23][3,5,8,13,4,16,21,29,30][33,31,20],2197
19,[][1,2,10,9,12,15,7,6,22,19,24,25,27,28,35,34,26,32,23][4,5,11,14,8,3,13,17,18,20,21,16,29,31,30,33],726
19,[][1,2,6,7,9,12,23,25,27,28][3,4,5,8,11,14,16,17,18,20,21,29,30,31,33,13][10,15,19,22,26,24,32,34,35],1423
19,[][1,2,27,28,25,9,7,6][16,13,8,21,30][10,19,15,22,24,26,32,34,35][23,12][14,18,17,11,5,29,3][20,33,31,4],3899
19,[][1,2,9,7,12,23,27,28,25,6][4,31,33,20][5,11,18,14,17,29][8,16,13,21,30,3][22,10,19][26,15,34,35,24,32],2073
19,[][2,6,7,10,9,12,15,19,22,23,27,26,24,25,1,34,35,32,28][3,5,4,8,11,13,14,16,17,18,20,21,33,31,30,29],2278
19,[][6,7,12,23][3,11,14,17,18,31,29][15,26,19,34][8,13,5,16,21,30][4,20,33][27,1,2,9,28,25][24,35,32][10,22],5472
19,[][1,2,6,7,9,12,25,27,28][3,4,5,8,11,13,16,17,18,20,21,30,31,33,29,14][10,15,19,22,23,24,26,32,34,35],1053
19,[][4,20,31,33][1,2,27][3,11,13,5,16,8,21,18,30][10,24,15,22,32,26,35][17,14,29][19,34][7,6,23,25,12,9,28],3972
19,[][1,2,9,25,27][4,5,8,11,13,14,16,17,18,20,21,29,30,31,33,3][6,7,12,28][34,35,23,24,26,15,32,22,19,10],4045
19,[][1,2,9,27][8,13,16,21,30,3,31,4][6,7,12,23,25,28][10,15,19,22,24,32,35,34,26][5,17,14,29,18,11,20,33],4720
19,[][1,2,7,9,10,12,15,19,22,23,24,25,26,27,28,32,34,35,6][3,5,4,14,17,18,20,29,11,31,33][16,21,13,8,30],1412
19,[][1,2,6,7,9,10,12,15,19,22,23,24,25,26,27,28,32,34,35][3,4,5,8,11,13,14,16,17,18,20,21,29,30,31,33],1608
19,[][1,7,9,12,23,27,25,28,2][3,5,4,8,13,11,14,17,16,18,20,29,30,31,33,21,6][10,19,22,24,15,26,34,35,32],2714