1,[][1,3,10,12,19,22,16][2,6,4,15,29,23][5,8,7,21,30][13,11,14,24,33,18,28][25,9,27,20,34][32,31,35,26,17],1586
1,[][1,3,10,12,16,17,19,22,26,30,31,32,35][2,4,5,6,7,8,9,11,13,14,15,18,20,21,23,24,25,27,28,29,33,34],805
1,[][1,3,5,7,8,10,12,16,17,19,20,21,22,25,26,27,30,31,32,34,35][2,9,11,13,15,14,4,6,18,23,24,28,29,33],1548
1,[][1,3,5,7,8,10,12,16,17,19,20,21,22,26,27,30,31,32,34,35][2,4,6,9,11,13,14,15,18,23,24,25,28,29,33],1191
1,[][10,12,16,17,8,19,22,26,30,31,32,35,3,1][5,9,11,13,14,15,18,20,21,24,25,27,29,28,33,34,23,7,6,4,2],948
1,[][1,3,5,7,8,10,12,16,17,19,20,21,22,25,27,30,31,32,33,34,35][2,4,6,9,11,13,14,15,18,23,24,26,28,29],752
1,[][1,3,10,8,12,16,26,19,17,32,35,31,22][4,11,2,15,13,23,24,6,9,14,18,28,29,33][5,21,27,20,7,30,34,25],2039
1,[][2,6,9,11,14,13,15,4,5,7,21,20,23,24,18,33,34,30,29,28,27,25][8,10,22,19,17,16,31,32,35,1,3,26,12],1064
1,[][1,3,8,10,12,16,17,19,22,26,30,31,32,35][2,15,23,6,29][4,9,11,13,14,18,24,25,28,33][5,7,20,21,27,34],2884
1,[][1,3,8,10,12,16,17,19,22,26,31,32,35][2,5,4,6,7,9,11,13,14,15,29,30,28,27,25,34,33,24,23,21,20,18],1681
1,[][1,3,8,10,12,16,17,19,22,26,31,32,35][4,5,6,7,9,11,13,14,15,18,20,21,23,24,25,27,28,29,30,33,34,2],1219
1,[][3,8,1,10,12,16,22,19][20,25,27,34][4,13,14,9,11,18,24,28,33][6,2,15,23,29][32,31,17,35,26][30,5,21,7],2570
1,[][1,10,12,19,8,22,16,3][2,15,6,11,9,29,28][35,32,31,26,17][30,5,25][4,13,14,23,24,18][7,21,33][27,20,34],3335
1,[][1,3,8,12,10,16,17,19,22,26,31,32,35][2,4,6,9,11,13,14,15,18,23,24,28,33,29][27,21,5,34,30,25,20,7],2729
1,[][1,10,5,12,16,17,8,3,7,26,19,20,21,22,25,27,30,32,35,34,31][2,4,9,6,11,13,14,23,15,18,24,28,29,33],861
2,[][1,2,7,10,9,11,15,21,22,24,28,30][4,3,13,17,18,26,25,31,34,35,33,32][5,6,12,14,20,23,27,29][16,8,19][][],750
2,[][1,2,15,16,19,22,24,21,30,11,10][3,4,13,8,17,18,25,26,31,32,33,34,35][12,14,20,6,5,23,29,27][28,7][9],1171
2,[][1,2,9,7,10,15,16,21,22,19,24,30,28][3,13,17,8,4,18,25,31,26,33,34,35,32][5,6,11,12,14,20,27,29,23],1621
2,[][3,4,8,13,17,18,26,25,33,31,34,32,35][2,19,21,24,15,11,16,30,1,22,9,10][12,14,20,29,27][5,6,23][7,28],3704
2,[][1,2,3,4,7,9,10,11,13,15,16,17,18,21,22,19,25,30,35,34,33,32,31,28,26,24,8][20,27,29,14,12,23,6,5],1139
2,[][17,3,4,13,18,26,25,35,34,33,32,31,8][10,1,2,9,11,15,16,7,21,19,22,30,24,28][5,6,12,20,14,29,27,23],3208
2,[][1,2,15,16,19,21,22,24,30,28,11,10,9,7][3,4,8,13,17,18,25,26,31,33,34,35,32][5,6,12,20,23,14,27,29],1704
2,[][1,2,9,11,15,22,21,28,7,10][3,4,8,13,17,25,26,18,31,32,33,34,35][6,14,20,27,12,29,5,23][30,24,19,16],2205
2,[][20,5,6,12,14,23,27,29][9,7,11,15,16,19,21,2,10,22,24,28,30,1][3,8,13,18,17,25,26,31,32,33,34,35,4],1753
2,[][1,2,7,9,10,11,15,16,19,21,22,24,28,30][5,6,12,14,20,23,27,29][3,4,13,8,17,18,25,26,31,32,33,34,35],1892
2,[][5,9,11,14,15,20,12,6,23,2,1,22,21,29,27][3,4,8,7,13,18,17,16,19,10,25,26,31,33,35,34,32,30,28,24],907
2,[][1,2,5,6,7,9,10,11,12,14,15,16,19,20,21,22,23,24,27,28,29,30][3,4,8,13,17,18,25,26,31,32,33,34,35],2030
2,[][1,2,7,9,10,11,16,15,22,19,21,24,28,30][4,3,8,13,18,17,25,26,31,32,33,34,35][5,6,12,14,20,23,27,29],1116
2,[][2,7,11,10,1,16,9,15,19,21,22,24,28,30][14,6,5,23,20,12,27,29][4,13,17,18,8,3,25,26,33,35,31,34,32],1472
2,[][1,2,7,10,9,11,15,16,19,21,22,24,30][3,4,8,13,17,18,25,26,28,31,32,33,34,35][6,5,12,14,20,23,27,29],1229
3,[][1,2,19,28,20,35,33,23][10,6,5,4,8,18,7,9,3,12,26,27,25,15,14,17,21,11,34,32,31,30,29,24,22,16,13],771
3,[][1,2,19,20,23,35][3,4,5,6,7,8,10,11,9,12,13,14,15,16,18,21,24,25,26,22,27,29,30,28,31,32,33,34,17],923
3,[][1,2,23,19,20,28,33,35][3,9,18,14,12,31,22,34,27][8,10,7,16,17,30,32][4,5,15,11][24,6,25,13,29][26,21],1246
3,[][1,2,19,20,23,28,33,35][5,6,4,13,12,14,11,10,9,15,17,3,7,8,26,29,30,31,34,32,27,25,24,22,21,18,16],1551
3,[][1,2,19,20,23,28,33,35][6,10,7,8,21,16,13,17,24,25,26,29,30,32][3,11,9,14,12,18,22,27,31,34][4,5,15],1524
3,[][1,2,19,20,23,28,33,35][3,4,5,6,8,15,16,13,7,9,10,11,12,17,25,26,22,29,14,31,34,32,30,27,24,21,18],2325
3,[][4,5,9,11,12,14,15,18,22,27,34,31,3][1,2,19,20,23,28,33,35][6,7,8,10,13,16,17,21,24,25,26,29,30,32],2508
3,[][1,19,2,28,23][26,21][14,9,18,22,3][8,10,7,32,17,30][25,16,13,5,6,29,24][35,20,33][4,15,11,12,27,34,31],2816
3,[][2,1,19,20,23,28,33,35][3,4,5,9,11,12,14,15,18,22,27,31,34][6,7,8,10,13,16,17,21,24,25,26,29,30,32],974
3,[][6,5,24,15,25,29,26,21,13][8,7,10,16][20,19,2,23,28,33,35,1][22,18,14,9,4,3,34,31,27,12,11][17,32,30],2412
3,[][3,9,11,12,14,15,18,22,27,34,31,23,4][5,6,7,8,10,13,16,17,21,24,25,26,29,30,32][1,20,2,19,28,33,35],1761
3,[][1,2,3,9,11,12,14,15,18,19,20,22,23,4,27,28,31,33,34,35][5,6,7,8,10,13,16,17,21,24,25,26,29,30,32],784
3,[][3,4,5,6,7,8,9,10,11,12,13,14,15,16,17,18,21,22,24,25,26,27,29,30,31,34,32][1,2,19,20,23,28,33,35],1033
3,[][3,4,9,11,12,14,15,22,27,18,31,34,5][6,7,8,10,13,17,16,21,24,25,26,29,32,30][19,33,28,35,23,20,2,1],2669
3,[][6,7,8,10,16,13,17,21,25,24,26,29,30,32][9,14,3,18,15,12,11,22,27,31,34,4,5][1,2,19,23,20,28,33,35],2149
4,[][1,2,6,7,9,10,12,19,22,23,24,25,26,27,28,32,34,35,15][16,17,18,20,3,4,5,8,11,13,21,29,30,31,33,14],2232
4,[][1,2,27][11,14,17,18][10,15,19,22,24,26,34,35,32][9,7,25,12,28,6,23][3,5,8,13,4,16,21,29,30][33,31,20],2197
4,[][1,2,10,9,12,15,7,6,22,19,24,25,27,28,35,34,26,32,23][4,5,11,14,8,3,13,17,18,20,21,16,29,31,30,33],726
4,[][1,2,6,7,9,12,23,25,27,28][3,4,5,8,11,14,16,17,18,20,21,29,30,31,33,13][10,15,19,22,26,24,32,34,35],1423
4,[][1,2,27,28,25,9,7,6][16,13,8,21,30][10,19,15,22,24,26,32,34,35][23,12][14,18,17,11,5,29,3][20,33,31,4],3899
4,[][1,2,9,7,12,23,27,28,25,6][4,31,33,20][5,11,18,14,17,29][8,16,13,21,30,3][22,10,19][26,15,34,35,24,32],2073
4,[][2,6,7,10,9,12,15,19,22,23,27,26,24,25,1,34,35,32,28][3,5,4,8,11,13,14,16,17,18,20,21,33,31,30,29],2278
4,[][6,7,12,23][3,11,14,17,18,31,29][15,26,19,34][8,13,5,16,21,30][4,20,33][27,1,2,9,28,25][24,35,32][10,22],5472
4,[][1,2,6,7,9,12,25,27,28][3,4,5,8,11,13,16,17,18,20,21,30,31,33,29,14][10,15,19,22,23,24,26,32,34,35],1053
4,[][4,20,31,33][1,2,27][3,11,13,5,16,8,21,18,30][10,24,15,22,32,26,35][17,14,29][19,34][7,6,23,25,12,9,28],3972
4,[][1,2,9,25,27][4,5,8,11,13,14,16,17,18,20,21,29,30,31,33,3][6,7,12,28][34,35,23,24,26,15,32,22,19,10],4045
4,[][1,2,9,27][8,13,16,21,30,3,31,4][6,7,12,23,25,28][10,15,19,22,24,32,35,34,26][5,17,14,29,18,11,20,33],4720
4,[][1,2,7,9,10,12,15,19,22,23,24,25,26,27,28,32,34,35,6][3,5,4,14,17,18,20,29,11,31,33][16,21,13,8,30],1412
4,[][1,2,6,7,9,10,12,15,19,22,23,24,25,26,27,28,32,34,35][3,4,5,8,11,13,14,16,17,18,20,21,29,30,31,33],1608
4,[][1,7,9,12,23,27,25,28,2][3,5,4,8,13,11,14,17,16,18,20,29,30,31,33,21,6][10,19,22,24,15,26,34,35,32],2714
5,[][1,5,11,12,15,18,19,24,25,26,32,35][2,7,8,9,21,23,29,31][3,4,6,10,13,14,16,17,20,22,27,28,30,33,34],1170
5,[][1,7,8,9,23,24,28,29,31][2,3,4,6,10,13,14,16,17,20,21,22,27,30,33,34][11,12,18,19,25,35][26,5,15,32],1081
5,[][1,5,7,15,23,8,9,24,26,28,32,31][3,6,10,2,14,16,17,13,21,20,27,30,29,33,34,22,4][11,12,18,19,25,35],1564
5,[][1,31][2,29][9,8,7,23,28,24][6,21,22,30,34][5,15,32,26][17,10,16,3,27][13,20,14,4,33][25,11,12,18,19,35],1962
5,[][2,3,4,6,13,16,10,17,14,21,20,22,29,27,30,33][5,1,8,9,7,11,12,15,18,19,23,24,26,25,28,31,32,35,34],2699
5,[][1,23,24,28,29,31][2,3,4,6,13,10,14,16,17,20,21,22,27,30,33,34][5,7,8,9,15,26,32][12,18,19,25,35,11],1854
5,[][1,5,7,8,9,15,23,24,26,28,29,31,32][2,3,4,6,10,13,14,16,33,34,30,27,22,21,20,17][11,12,18,19,25,35],1046
5,[][5,1,15,24,26,31,32][3,13,10,4,6,14,16,17,20,21,22,27,30,34][2,8,9,23,28,29,33,7][12,19,18,25,35,11],4118
5,[][2,6,4,3,10,13,14,16,17,21,20,22,27,29,30,33,34][1,8,9,7,5,15,24,23,26,28,31,32][19,18,12,11,25,35],676
5,[][2,10,34,33][3,4,6,13,20,22,21][18,19,12,35][7,8,9,23,28,29][17,16,14,27,30][24,1,31][11,25][5,15,32,26],5413
5,[][1,5,8,9,7,15,24,26,32][3,6,13,4,20,21,22,34][10,16,17,27,14,30][11,12,18,19,25,35][23,28,29,31,33,2],1783
5,[][1,5,7,8,9,15,23,24,26,28,31,32][2,3,4,6,10,13,14,16,17,20,21,22,27,29,30,33,34][11,12,18,19,25,35],849
5,[][1,5,7,8,9,15,24,23,26,28,31,32][11,12,18,19,25,35][4,13][14,16,17,10,21,6,3,34,30,27][2,29,33][20,22],12901
5,[][2,29][3,6,10,14,16,17,21,22,27,30,33,34][4,20,13][5,11,12,15,18,19,25,26,32,35,1][8,7,9,23,24,28,31],2498
5,[][1,5,15,26,32][2,7,9,23,28,29,24,33,8,31][4,6,3,14,16,17,13,20,21,27,30,22,34,10][12,19,18,25,35,11],2568