20,[][1,5,11,12,15,18,19,24,25,26,32,35][2,7,8,9,21,23,29,31][3,4,6,10,13,14,16,17,20,22,27,28,30,33,34],1170
20,[][1,7,8,9,23,24,28,29,31][2,3,4,6,10,13,14,16,17,20,21,22,27,30,33,34][11,12,18,19,25,35][26,5,15,32],1081
20,[][1,5,7,15,23,8,9,24,26,28,32,31][3,6,10,2,14,16,17,13,21,20,27,30,29,33,34,22,4][11,12,18,19,25,35],1564
20,[][1,31][2,29][9,8,7,23,28,24][6,21,22,30,34][5,15,32,26][17,10,16,3,27][13,20,14,4,33][25,11,12,18,19,35],1962
20,[][2,3,4,6,13,16,10,17,14,21,20,22,29,27,30,33][5,1,8,9,7,11,12,15,18,19,23,24,26,25,28,31,32,35,34],2699
20,[][1,23,24,28,29,31][2,3,4,6,13,10,14,16,17,20,21,22,27,30,33,34][5,7,8,9,15,26,32][12,18,19,25,35,11],1854
20,[][1,5,7,8,9,15,23,24,26,28,29,31,32][2,3,4,6,10,13,14,16,33,34,30,27,22,21,20,17][11,12,18,19,25,35],1046
20,[][5,1,15,24,26,31,32][3,13,10,4,6,14,16,17,20,21,22,27,30,34][2,8,9,23,28,29,33,7][12,19,18,25,35,11],4118
20,[][2,6,4,3,10,13,14,16,17,21,20,22,27,29,30,33,34][1,8,9,7,5,15,24,23,26,28,31,32][19,18,12,11,25,35],676
20,[][2,10,34,33][3,4,6,13,20,22,21][18,19,12,35][7,8,9,23,28,29][17,16,14,27,30][24,1,31][11,25][5,15,32,26],5413
20,[][1,5,8,9,7,15,24,26,32][3,6,13,4,20,21,22,34][10,16,17,27,14,30][11,12,18,19,25,35][23,28,29,31,33,2],1783
20,[][1,5,7,8,9,15,23,24,26,28,31,32][2,3,4,6,10,13,14,16,17,20,21,22,27,29,30,33,34][11,12,18,19,25,35],849
20,[][1,5,7,8,9,15,24,23,26,28,31,32][11,12,18,19,25,35][4,13][14,16,17,10,21,6,3,34,30,27][2,29,33][20,22],12901
20,[][2,29][3,6,10,14,16,17,21,22,27,30,33,34][4,20,13][5,11,12,15,18,19,25,26,32,35,1][8,7,9,23,24,28,31],2498
20,[][1,5,15,26,32][2,7,9,23,28,29,24,33,8,31][4,6,3,14,16,17,13,20,21,27,30,22,34,10][12,19,18,25,35,11],2568