17,[][1,2,7,10,9,11,15,21,22,24,28,30][4,3,13,17,18,26,25,31,34,35,33,32][5,6,12,14,20,23,27,29][16,8,19][][],750
17,[][1,2,15,16,19,22,24,21,30,11,10][3,4,13,8,17,18,25,26,31,32,33,34,35][12,14,20,6,5,23,29,27][28,7][9],1171
17,[][1,2,9,7,10,15,16,21,22,19,24,30,28][3,13,17,8,4,18,25,31,26,33,34,35,32][5,6,11,12,14,20,27,29,23],1621
17,[][3,4,8,13,17,18,26,25,33,31,34,32,35][2,19,21,24,15,11,16,30,1,22,9,10][12,14,20,29,27][5,6,23][7,28],3704
17,[][1,2,3,4,7,9,10,11,13,15,16,17,18,21,22,19,25,30,35,34,33,32,31,28,26,24,8][20,27,29,14,12,23,6,5],1139
17,[][17,3,4,13,18,26,25,35,34,33,32,31,8][10,1,2,9,11,15,16,7,21,19,22,30,24,28][5,6,12,20,14,29,27,23],3208
17,[][1,2,15,16,19,21,22,24,30,28,11,10,9,7][3,4,8,13,17,18,25,26,31,33,34,35,32][5,6,12,20,23,14,27,29],1704
17,[][1,2,9,11,15,22,21,28,7,10][3,4,8,13,17,25,26,18,31,32,33,34,35][6,14,20,27,12,29,5,23][30,24,19,16],2205
17,[][20,5,6,12,14,23,27,29][9,7,11,15,16,19,21,2,10,22,24,28,30,1][3,8,13,18,17,25,26,31,32,33,34,35,4],1753
17,[][1,2,7,9,10,11,15,16,19,21,22,24,28,30][5,6,12,14,20,23,27,29][3,4,13,8,17,18,25,26,31,32,33,34,35],1892
17,[][5,9,11,14,15,20,12,6,23,2,1,22,21,29,27][3,4,8,7,13,18,17,16,19,10,25,26,31,33,35,34,32,30,28,24],907
17,[][1,2,5,6,7,9,10,11,12,14,15,16,19,20,21,22,23,24,27,28,29,30][3,4,8,13,17,18,25,26,31,32,33,34,35],2030
17,[][1,2,7,9,10,11,16,15,22,19,21,24,28,30][4,3,8,13,18,17,25,26,31,32,33,34,35][5,6,12,14,20,23,27,29],1116
17,[][2,7,11,10,1,16,9,15,19,21,22,24,28,30][14,6,5,23,20,12,27,29][4,13,17,18,8,3,25,26,33,35,31,34,32],1472
17,[][1,2,7,10,9,11,15,16,19,21,22,24,30][3,4,8,13,17,18,25,26,28,31,32,33,34,35][6,5,12,14,20,23,27,29],1229