16,[][1,3,10,12,19,22,16][2,6,4,15,29,23][5,8,7,21,30][13,11,14,24,33,18,28][25,9,27,20,34][32,31,35,26,17],1586
16,[][1,3,10,12,16,17,19,22,26,30,31,32,35][2,4,5,6,7,8,9,11,13,14,15,18,20,21,23,24,25,27,28,29,33,34],805
16,[][1,3,5,7,8,10,12,16,17,19,20,21,22,25,26,27,30,31,32,34,35][2,9,11,13,15,14,4,6,18,23,24,28,29,33],1548
16,[][1,3,5,7,8,10,12,16,17,19,20,21,22,26,27,30,31,32,34,35][2,4,6,9,11,13,14,15,18,23,24,25,28,29,33],1191
16,[][10,12,16,17,8,19,22,26,30,31,32,35,3,1][5,9,11,13,14,15,18,20,21,24,25,27,29,28,33,34,23,7,6,4,2],948
16,[][1,3,5,7,8,10,12,16,17,19,20,21,22,25,27,30,31,32,33,34,35][2,4,6,9,11,13,14,15,18,23,24,26,28,29],752
16,[][1,3,10,8,12,16,26,19,17,32,35,31,22][4,11,2,15,13,23,24,6,9,14,18,28,29,33][5,21,27,20,7,30,34,25],2039
16,[][2,6,9,11,14,13,15,4,5,7,21,20,23,24,18,33,34,30,29,28,27,25][8,10,22,19,17,16,31,32,35,1,3,26,12],1064
16,[][1,3,8,10,12,16,17,19,22,26,30,31,32,35][2,15,23,6,29][4,9,11,13,14,18,24,25,28,33][5,7,20,21,27,34],2884
16,[][1,3,8,10,12,16,17,19,22,26,31,32,35][2,5,4,6,7,9,11,13,14,15,29,30,28,27,25,34,33,24,23,21,20,18],1681
16,[][1,3,8,10,12,16,17,19,22,26,31,32,35][4,5,6,7,9,11,13,14,15,18,20,21,23,24,25,27,28,29,30,33,34,2],1219
16,[][3,8,1,10,12,16,22,19][20,25,27,34][4,13,14,9,11,18,24,28,33][6,2,15,23,29][32,31,17,35,26][30,5,21,7],2570
16,[][1,10,12,19,8,22,16,3][2,15,6,11,9,29,28][35,32,31,26,17][30,5,25][4,13,14,23,24,18][7,21,33][27,20,34],3335
16,[][1,3,8,12,10,16,17,19,22,26,31,32,35][2,4,6,9,11,13,14,15,18,23,24,28,33,29][27,21,5,34,30,25,20,7],2729
16,[][1,10,5,12,16,17,8,3,7,26,19,20,21,22,25,27,30,32,35,34,31][2,4,9,6,11,13,14,23,15,18,24,28,29,33],861