1,[][1,6,7,11,15,17,20,26,31][2,8,12,14,18,19,22,23,27,30][3,16,33][4,24][5,9,32][10,21][13,28,29,34,35][25],2221
1,[][1,2,5,7,9,8,11,12,14,15,18,19,17,20,22,23,27,26,30,31,32][3,6,10,16,21,25,33][4,13,24,28,29,34,35],1148
1,[][1,7,11,6,17,20,26,31,15][2,8,12,14,18,19,22,23,27,30][5,9,32][10,21,25][3,16,33][28,29,13,34,35][24,4][],969
1,[][1,11,17,20,7,15,31][2,8,12,14,18,19,23,22,30,27][3,16,33][4,24][5,9,32,26][6,10,21,25][13,29,28,34,35][],1430
1,[][9,32,5][2,8,12,18,14,19,23,27,30][1,11,6,17,15,20,22,26,7,31][13,28,34,29,35][4,24][21,10,25,33][3,16][],2537
2,[][1,6,7,14,16,18,23,30,34][2,4,11,12,20,26,28,31][3,5,9,21,22,35][8,17][10,13,15,19][24,32][25][27,29,33],1595
2,[][5,3,9,21,22,35][2,4,12,11,20,28,31,26][1,6,7,16,14,18,30,23,34][10,13,15,19][24,32][8,17][29,27,33][25],2857
2,[][1,2,4,6,7,8,9,11,12,14,17,18,20,21,22,23,26,28,30,34,35,3,5,31,16][10,13,15,19,24,25,27,29,32,33],1083
2,[][1,6,7,14,16,18,23,30,34][2,4,11,12,20,26,28,31][3,5,9,21,35][8,17,27,29,33][10,13,15,19,22,24,25,32],3781
2,[][1,6,7,16,14,18,23,34,30][5,3,9,21,35,22][8,17,29,27,33][4,12,11,20,28][13,10,15,19][2,31,26][24,32][25],1759
3,[][1,3,5,14,23,25,31,21,6][2,4,7,8,9,10,11,12,13,15,16,17,18,19,20,26,22,24,27,28,29,30,32,34,35,33],3629
3,[][1,3][5,6,14,21,25,23,31][2,11,17,18,30,7,26,34][4,9,12,16,19,20,29][28,27,24,35,33,10,15][32,8,13][22][],1491
3,[][1,3][2,7,11,17,26,30,34,18][4,12,16,9,19,29,20][5,6,14,21,23,25,31][8,13,22,32][15][10,27,24,28,33,35][],815
3,[][4,16,9,19,12,20,29][10,15,24,28,27,33,35][2,11,17,7,26,18,30,34][5,6,14,21,31,25,23][3,1][32][22][8,13],3566
3,[][4,9,12,20,16,19,29][10,15,28,24,27,35,33][2,11,7,17,18,26,34,30][5,6,14,23,21,25,31][3,1][22][8,13,32][],511
4,[][1,5,16,17,29,34][2,4,8,18,21,25,28,33][3,7,12,13,15,20,24][6,14,19,23,26,27][9,30,35][11][31,22,10][32],3575
4,[][1,5,17,16,29,34][4,8,11,18,21,25,28,2,33,32][3,7,12,13,15,20,24][6,14,19,23,26,27][22,10,31][35,30,9][][],1039
4,[][11][4,2,8,21,18,25,33,32,28][6,14,26,23,19,27][7,12,13,3,15,20,24][10,22,31][9,30,35][1,17,16,29,34,5],1405
4,[][2,8,18,25,28,33][12,13,15,20,3,24,7][19,14,26,6,23,27][16,17,34,1,29,5][4,21,32][11][31,22,10][30,35,9],1596
4,[][1,5,16,17,34,29][2,18,8,28,33,25][3,12,13,15,7,20,24][6,14,26,23,19,27][4,21,32][11][22,31,10][35,30,9],1174
5,[][1,19,33,9][2,13,6,17,20,28,25,30,34,35][3,7,10,27,22,23,29,5][4,21][8,11,16,18,15,14,26,31,24][12,32],1803
5,[][1,2,6,8,9,11,13,14,15,16,17,18,19,20,24,25,26,28,30,31,33,34,35][3,5,7,10,22,23,27,29][4,12,21,32],784
5,[][1,9,19,33][2,6,13,17,20,25,28,30,34,35][3,5,22,23,29][4,21][7,10,27][8,11,14,15,16,18,24,26,31][12,32][],2185
5,[][1,19,9,33][2,6,13,17,20,28,30,34,35,25][3,5,22,23,29,7][12,32][16,18,24,26,8,15,11,14,31][27,10][][],3054
5,[][11,15,8,14,16,18,26,24,31][2,6,17,13,28,30,20,25,35,34][1,9,19,33][12,32][4,21][7,27,10][3,23,29,22,5][],1328
6,[][1,3,15,17][2,4,9,19,24,22,21,32,28][6,7,14,16,20,34][11,30,27,5][8,23][13,18,12,33][29,10][25,31,35,26],1265
6,[][1,3,17,15][2,4,22,24,28,32,9][6,8,10,16,14,20,29,34,7][11,5,19,21,27,30,35][13,26,25,31,33,18,12][23],1004
6,[][1,3,15,17][2,4,9,22,24,28,32][6,7,8,10,14,16,20,23,29,34][11,5,19,21,27,35,30][12,13,18,25,26,31,33],1301
6,[][1,3,17,15][2,4,5,28,24,9][6,7,20,16,14,34][10,29][11,21,35,27,32,30,22,19][8][23][18,12,13,25,31,33,26],1526
6,[][1,3,15,17][2,4,9,22,24,28,32][5,8,11,19,21,27,30,35][6,7,14,16,20,34][10,29][12,13,18,25,26,31,33][23],1477
7,[][3,5,17,13,25][1,11,14,16,18,20,22,24,19,27,26,29,28,35,32,34][2,6,7,4,9,21,23,31,33][8,30,12][15][10],1762
7,[][1,4,6,9,2,7,10,20,21,19,27,24,29,33,31,23,16][3,5,12,14,15,18,8,11,13,17,22,26,35,34,32,30,28,25],3234
7,[][1,16,20,24,29,27][2,4,6,7,9,21,23,33,31][3,5,13,25,17][8,30,12][14,11,22,26,28,35][18,19,32,34][15][10],981
7,[][14,18,22,19,11,32,26,28,35,34][2,6,7,9,4,21,23,33,31][3,5,17,25][24,1,20,16,27,29][10][12,8,30][15][13],2634
7,[][1,20,29,27,16][11,18,19,14,22,24,26,28,34,32,35][5,13,17,25,3][2,4,7,6,9,21,23,31,33][10][12][8,30][15],1224
8,[][2,3,11,19,26][5,13,15,17,22,29,24][7,14,18,20,30,31][16,25,21,32,28,33][8][12,10][1,6][34,9,35,27,23,4],795
8,[][3,2,5,7,11,14,13,15,17,18,20,19,30,26,24,22,29,31][4,9,35,27,34,23][16,21,10,12,25,28,32,33][1,6,8],921
8,[][2,3,11,26,31][5,13,15,17,24,22,29][9,35,27,4,23,34][7,14,19,18,20,30][6,8,1][16,21,25,28,33,32][12,10][],748
8,[][5,13,15,17,22,29][2,3,11,19,24,26,31][7,14,18,20,30][4,9,23,27,34,35][1,6,8,10,12,16,21,25,28,32,33],1820
8,[][2,3,11,19,24,26,31][4,9,27][5,13,15,17,22,29][7,14,18,20,30][10,12][16,21,25,32,33,28][23,34,35][6,1,8],4047
9,[][1,6,5,19,20,17,22,10,8,9,25,14,30,33,35,32][7,24,21][4,15,18,23,26][3,2,13,12,29,28,31,34][16,11][27][],1869
9,[][1,5,8,10,9,6,17,19,20,14,25,22,33,32,35][7,24,21,30][13,3,2,29,31,12,28,34][15][16,11][18,23,4,26][27][],1011
9,[][1,5,6,8,9,10,14,19,20,22,25,32,33,17,35][2,3,12,13,28,29,31,34][4,15,18,23,26][7,21,24,30][27][16,11],840
9,[][7,21,24,30][1,5,6,8,9,10,17,19,18,20,14,22,35,33,32,25][4,15,13,23,26,31][2,3,12,29,28,34][11,16][27],4041
9,[][1,5,8,9,10,14,22,19,20,25,32,33,17,6,35][2,3,13,12,29,31,28,34][4,18,23,26,15][7,21,24,30][16,11][27][][],6182
10,[][10,11,35][12,29,8][27,2][23,30,34,32,22,18][14,5,4,25,6,7][17,24,21,16][20,3,15,26,31,9][19,1,28,33,13],1510
10,[][4,5,6,14,25][2,8,12,27,29][1,7,10,11,13,19,33,28][3,9,15,26,31,35,20][17,24][16,21][23,18,30][32,22,34],2170
10,[][1,7,10,11,13,19,28,33][2,8,12,27,29][3,9,15,20,26,31][6,5,4,14,25][16,17,21][18,23,30][34,32,22][35,24],2275
10,[][1,7,10,11,19,28,33,13,35][2,8,12,27,29][3,9,15,20,26,31][5,4,6,14,25][32,22,34][17,24][16,21][18,23,30],1215
10,[][4,5,6,14,25][2,8,12,29,27][1,7,10,11,13,19,33,28][9,20,15,26,31,3][24,17][35][16,21][22,23,18,32,34,30],2812
11,[][1,5,6,13,16,17,20,21,27,2][7,4,10,11,15,12,18,22,19,24,9,8,25,26,28,35,33,29][14,32][23,30,3][34,31],2074
11,[][6,1,21,2,27,17,13,16,20][14,32,3,30,23][11,4,9][8,18,19,24,29,33,26][7,5,15][31,34][22,10][35,25,12,28],2167
11,[][1,6,2,21,27][13,16,20][17,5][11,4,7,15,9][18,19,24,26,29,8,33,30][10,22,25,35,28,12][32,14,23,3][31,34],1237
11,[][8,19,18,24,33,29,26][10,12,25,22,28,35][4,9,7,11,15][1,6,2,21,27][13,16,20][17,5][14,32,3,23,30][34,31],3443
11,[][8,18,24,26,33,29][10,12,25,28,35,22,19][4,7,15,9,11][1,6,2,21,27][13,16,20][17,5][3,23,32,14,30][34,31],2142
12,[][1,21][2,29][17,10,18,6,4,23,11,15,35,30][16,28,20,34,24,7][12,19,8,26,27,32][14,13,9,3][33,25][22,31,5],1907
12,[][1,9,13,14,21,3][2,29][7,16,24,20,28,34][8,12,5,19,22,26,27,32,31][4,10,18,17,23,30,15,35,11,6][33,25],926
12,[][2,29][4,10,6,17,15,18,23,11,35,30][3,13,14,9][7,16,24,28,20,34][22,5,31][21,1][25,33][27,26,12,8,32,19],1476
12,[][1,21][2,29][3,14,13,9][5,8,12,19,26,27,31,22,32][6,10,4,15,18,17,23,30,35,11][16,20,24,7,28,34][25,33][],836
12,[][1,21][3,9,14,13][7,28,16,20,24,34][2,29][6,10,11,18,17,15,4,23,35,30][12,8,5,19,26,27,32][22,31][25,33],2097
13,[][1,2,3,5,6,7,8,10,13,14,15,16,18,21,20,23,24,25,31,28,34,33,35][4,17,26,29,30][9,11,12,19,22,27,32],896
13,[][1,10,16,13,23,24,25,28][3,5,2,7,14,15,34,35][4,17,33,30][6,8,18,20,21,31][9,11][12,19,22,27][26,29][32],1066
13,[][1,10,13,24,23,25,28][2,3,7,5,14,15,16,35,34][8,6,20,18,21,31][12,19,22,27][9,11][26,29][4,17,33,30][32],3387
13,[][1,10,16,13,24,25,23,28][2,3,5,7,14,15,34,35][6,8,18,20,21,31][9,11][12,22,19,27][4,17,33,30][29,26][32],738
13,[][1,2,3,4,5,6,7,8,14,15,16,17,18,20,23,24,25,28,30,31,33,34,35,10,13,21][9,11,12,19,22,26,27,29,32],991
14,[][7,24,34,35][11,29,23][3,19,32,26,33][14,22,21,12][5,4,1,16,15,2][25][9,20,30,28,6][18,17,8,27,31,13,10],906
14,[][1,4,5,15,16,2][13,17,18,8,31,27][14,22,21][23,29,11][24,34,35,7][9,30,28,20,6][33,32,26,19,12,3,10][25],1557
14,[][1,4,2,5,15,16][11,23,29][13,8,18,17,20,27,31][14,22,21][10,3,19,32,26,33][24,7,34,35][28,30,9,6][25,12],1255
14,[][1,2,4,5,16,15][3,10,19,26,32,33][8,13,17,18,20,30,9,31,27,28,6][12][7,24,34,35][22,21,14][23,29,11][25],1229
14,[][11,23,29][3,10,19,32,33][7,24,26,34,35][13,6,9,8,17,18,20,27,28,30,31][1,2,4,5,15,16][21,22,25,14,12],1598
15,[][2,12,13,16,23,25,26,29][1,3,10][4][5,22,20,28,34,33,32][8,11,7,21,30,18,14,6][27,35,24,15][9,31,19,17],1134
15,[][1,3,10][2,12,13,16,23,25,26,29][24,27,35,15][5,20,22,28,32,33,34][6,7,8,14,18,21,30,4,11][9,17,19,31],1659
15,[][2,13,16,12,25,26,29][5,22,20,23,28,32,34,33][15,27,24,35][7,8,6,18,14,21,30][11][4][9,17,19,31][1,10,3],4813
15,[][2,13,12,16,23,25,26,29][5,20,22,28,32,34,33][15,27,24,35][7,8,14,21,30,18,6][11][10,3,1][9,17,19,31][4],4866
15,[][1,3,9,10,17,19,31][2,13,16,12,26,23,25,29][5,20,22,28,33,34][6,8,7,14,21,18,30][11][15,24,27,35][32][4],731
16,[][3,4,9,11,17,23,32,33][2,13,14,21,29][1,8,10,16,22][6,20,31,34][5,18,25,26][7,12,15,19,28,30][35,27][24],1365
16,[][3,4,9,11,17,23,33,32][2,13,14,21,29][16,8,10,1,22,25,26][18,5][19,15,12,7,28,30][31,34,20,6][35,27][24],1077
16,[][5,25,18,26][2,14,13,29,21][1,8,10,22,16][3,4,17,11,9,33,32,23][24][6,34,31,20][7,12,15,19,28,30][27,35],4791
16,[][3,4,17,23,32,9,33,11][1,8,10,16,22][5,18,25,26][2,14,21,13,29][12,15,19,7,28,30][24][27,35][31,34,6,20],1037
16,[][2,13,14,21,29][1,8,10,16,22][5,18,25,26][6,12,7,15,20,19,28,31,30,34][3,4,9,11,17,24,23,35,33,32,27],1805
17,[][1,16,32][2,6,14,10,25,27,30,35][9,17,15,8,22,24,28,31][20,19,21,23,26,4,33][18][3,7,5,34][13,12,11][29],2216
17,[][1,16,32][10,25,30,35][9,17,15,18,22,24,28,31,8][20,23,21,26,19,4,33][27,6,2,14][11,12,7,13][5,3,34][29],1506
17,[][1,16,32,30][2,6,10,14,25,27,35][8,9,17,15,22,24,28,31][4,20,23,21,19,26,33][29][18][3,5,34][12,13,11,7],3448
17,[][8,9,15,22,31,24,28][3,5,7,11,12,13][2,6,14,30,25,27,33,35,10][4,17,18,19,20,21,23,26,29,34][32,16,1][],4160
17,[][1,16,32][2,6,14,27][3,5,7,34][8,9,22,24,15,17,28,18,31][12,13,11][4,19,20,23,21,26,33][25,30,35,10][29],978
18,[][1,9][2,5,14,27,29][3,10,12,19,28,33][4,8,24,25,30][6,7,11,15,16,18,22,23,32][13,20][17,21,26,31,35][34],1355
18,[][3,6,5,7,12,10,2,11,14,16,19,18,15,22,23,24,27,28,32,33,29][1,4,8,9,13,17,20,21,25,26,35,34,31,30],1500
18,[][1,9][3,10,12,19,28,33][2,5,14,29,26,27][6,7,11,15,16,22,23,32,18][17,21,35,31][24,25,20,13,4][34][30,8],795
18,[][1,9][2,14,26,27,5,29][3,12,10,19,28,15,33][13,20,24,25][6,7,11,16,22,18,23,32][8,4,30][17,21,31,35][34],4341
18,[][3,10,12,19,28,33][6,7,11,16,18,22,23,32][2,5,14,26,27,29][4,8,13,15,20,24,25,30][1,9,17,21,31,34,35],2999
19,[][1,10,13,14,28,30,24][2,5,12,15,18,25,31][6,8,3,23,22,26,34,33,35,16][4,9,11][7][17,20,19,32][21][29,27],1116
19,[][1,10,13,14,24,28,30][2,5,15,25,18,31,12][3,6,8,16,21,22,23,26,27,34,33,35,29][9,4,11][17,20,32,19][7],772
19,[][2,5,12,15,18,25,31][3,6,7,8,16,21,22,23,26,27,29,33,34,35][4,9,10,11,13,24,28,1,14,30][17,20,32,19],1996
19,[][17,20,19,32][5,2,12,15,18,31,25][10,1,13,14,30,28,24][3,6,8,23,16,22,26,34,35,33][29,27][21][4,9,11][7],796
19,[][17,20,32,19][2,5,12,15,25,18,31][1,10,13,14,28,30,24][3,6,8,22,16,23,26,33,34,35][27,29][21][4,11,9][7],2788
20,[][1,7,14,19,20,25,34][2,12,13,17,18,24,30,31][3,4,8,28][5][6,9,11,15,22,23,26,35][10,16,29,32][21,33][27],1159
20,[][1,7,14,19,20,25,34][2,12,13,24,17,18,30,31][3,4,21,8,33,28][9,15,11,6,22,26,23,35][16,10,32,29,5][27],1021
20,[][2,12,13,18,17,24,31,30][6,9,11,22,15,23,26,35][1,7,14,19,20,25,34][3,4,8,28][21,33][5][10,16,32,29][27],5423
20,[][1,7,14,19,20,34,25][2,12,13,17,18,24,30,31][3,4,8,28][5,10,16,29,32][15,6,9,26,11,35][22,23][27][21,33],874
20,[][9,6,11,15,22,23,26,35][1,7,19,14,20,25,34][2,12,13,17,18,24,30,31][10,5,16,29,32][4,3,8,21,27,28,33],2578
21,[][1,9,12,22,16,32][2,10,29,35,27,19][3,4,8,15][7,13,5,23,21,33,30][6,18,17,20,28,25,34][11,31][14,24,26][],939
21,[][2,10,29,27,19,35][12,16,22,32,9,15,1][13,5,21,7,23,33,30][8,4,3][18,20,6,25,28,17,34][14,24,26][11,31][],2964
21,[][2,10,19,29,27,35][1,9,12,15,16,22,32][5,7,13,21,23,30,33][6,17,18,20,25,28,34][11,31][26,24,14][8,4,3][],1753
21,[][1,12,9,15,22,16,32][2,10,19,29,35][6,18,20,27,28,34,17][5,7,13,21,25,30,33][14,24,23,26][31,11][8,4,3][],5501
21,[][2,10,19,27,29,35][1,9,12,15,16,22,32][6,17,18,20,25,28,34][3,4,8][5,7,11,13,14,21,23,24,26,30,31,33],1923
22,[][1,4,10,11,16,27,22,34][2,5,6,12,14,18,19,28,29,15][3,8,26,32,33,31,35][24,21,13,25][23,20][30,17][9][7],1695
22,[][1,4,10,11,22,27,34][5,6,12,15,19,28,29,18][2,14][3,8,26,33,31][20,23][25,21,24,32,35,13,16][17,30,7][9],1961
22,[][12,6,15,28,18,29,5][2,14,19][4,1,11,10,27,34,22][17,30][23,20][7][8,3,13,16,21,25,26,32,31,24,35,33][9],3535
22,[][24,25,13,21,32,35,33][2,14,19][12,6,15,18,5,28,29][4,11,10,1,27,34,22][7,23,20][17,30][3,8,26,31,16][9],2220
22,[][2,14][4,1,10,11,22,27,34][5,6,15,18,12,28,30,19][3,8,16,13,21,24,25,26,31,32,33,35][7,17,20,9,23,29],3033
23,[][3,4][5,6,7,10,14,15,11,18,27,35][16,24,33][17,19,9,20,23,2,28,31][22,25,26,8,13,1][30,34][12,21][32,29],1484
23,[][2,9,17,20,19,23,28,31][5,6,7,10,14,15,18,11,35,27][3,4,29,32][16,24,33][30,34][12,21][1,8][22,26,25,13],2222
23,[][23,20,9][2,19,17,28,31][3,4][5,6,7,10,14,15,18,11,27][12,21][24,16,33][26,25,30,8,34,35,22,1,13][32,29],1190
23,[][3,4][2,9,17,19,20,28,23,31][6,5,7,10,11,14,15,18,27,35][12,21][16,33,24][22,8,25,26,30,13,34][29,32][1],798
23,[][6,5,7,14,10,15,18,11,35,27][2,9,19,17,20,31,23,28][16,24,33][29,32][3,4][30,34][8,13,25,26,1,22][12,21],4289
24,[][1,2,5,8,10,21,29,34][4,9,12,15,16,17,18,19,20,22][7][13,14,24,27,31,32,33,35][28,23][30,26,11,6,3][25],2172
24,[][1,2,5,8,10,21,29,34][3,26,11,30][4,9,12,15,16,17,18,19,20,22][13,14,24,27,32,35,33,31][7][23,28][25][6],1240
24,[][1,2,5,8,10,21,34,20,29][3,11,26,30][4,12,17,18,16,19,22][6][13,14,24,27,35,33,32,31][7,25,9,15][23,28][],674
24,[][1,2,5,10,8,21,29,34][6,3,11,26,30][4,15,12,17,18,19,20,22,9][13,14,16,24,27,35,33,32,31][28,23][25][7],3662
24,[][1,2,5,8,21,29,34,10][4,9,12,15,16,17,18,19,22,20][6,3,11,30,26][13,14,24,27,32,33,35,31][23,28][25][7][],3282
25,[][1,2,6,11,13,15,18,25,29,30,35][3,7,17,22,21,16][14,24,9,20,31][5,28][19,26,27,32][4,34,33,10][23,8,12][],2936
25,[][1,2,11,6,13,15,18,25,29,30,35][3,7,17,16,22,21][5,28][9,14,20,24,31][12,8,23][26,27,19,32][4,10,33,34],1805
25,[][1,2,6,11,13,15,18,25,29,30,35][3,7,16,17,22,21][5,8,12,23,28][9,10,14,20,24,31,33,34,4][26,19,27,32],3354
25,[][26,27,19,32][6,2,1,11,15,18,13,25,35,29,30][3,7,17,16,21,22][5,28][8][9,14,20,24,31][12,23][4,34,33,10],1396
25,[][19,21,26,27,32][2,1,6,13,11,15,25,18,35,30,29][3,7,16,17,22][5,28][34,33,10,4][14,20,24,31,9][12,23][8],629
26,[][1,12,16,33,31,32,30][2,6][3,5,29,24,21,23,35,11][4,8,7,15,13,14,20,19,18,17][9,28,26,27],2143
26,[][5,3,24,23,11,21,35,29][1,12,16,33,31,30,32][9,26,28,27][10,22][2,6][13,18,19,7][4,15,14,17,20,8][25,34],1436
26,[][1,12,16,32,31,33,30][2,6][3,5,23,21,24,11,29,35][7,13,18][10,22][4,14,15,17,19,20,8][26,28,27,9][34,25],1253
26,[][1,2,4,5,6,3,8,13,14,15,12,16,17,18,19,20,21,23,24,29,30,31,32,33][7,10,11,9,22,25,26,27,28,34,35],1301
26,[][1,12,16,30,31,32,33][3,5,11,21,23,24,29,35][9,26,27,28][4,8,13,14,15,17,18,19,7,20][2,6,10,22,25,34],2972
27,[][1,18,8,21,30,33,25][11,7,20,15,32,34,35][22,13][23,24,2,27,12][19,26,28,29,31,9,4][14,16,10,3][5,17][6],1921
27,[][1,4,7,8,9,11,13,15,18,19,20,21,22,29,32,30,28,31,33,26,25,35,34][10,3,14,16][23,24,6,2,12][5,17,27],832
27,[][1,8,18,21,25,30,33][2,23,24,27,12][7,11,15,20,32,34,35][3,16,14,10][6][5,17][19,29,31,28,26,9,4][22,13],2299
27,[][1,8,13,18,21,22,25,30,33][7,11,15,20,32,34,35][4,9,19,26,28,29,31][3,10,14,16][2,5,6,12,17,23,24,27],1896
27,[][1,8,13,22,18,21,30,33,25][2,23,12,24,27][4,19,26,28,29,31,9][6][5,17][7,15,11,20,32,34,35][3][16,14,10],1280
28,[][2,19,27,30,34][4,15,17,24,29,1][5,6,20,26,32,23,35,33,21][7,8,10,22,31,9][3,16][11,13,18][25,28,12][14],2105
28,[][1,3,16][2,19,27,30,34][4,15,17,24,29][5,6,20,21,23,26,32,33,35][7,8,10,22,31][9,14][11,13,18][12,25,28],1656
28,[][1,8,7,3,9,10,16,14,22,35,28][2,19,30,34,27][4,15,17,24,29][5,6,20,32,33,31,23,26][11,13,18][12,25][21][],1020
28,[][4,1,15,17,24,29][12,25,28][5,20,26,6,23,35,33,32][2,19,30,34,27][21][7,10,9,22,8,31][3,16][13,14,18,11],3033
28,[][4,15,17,24,1,29][12,28,25][5,6,20,23,32,26,35,33][2,19,30,27,34][21][8,9,10,22,31,7][3,16][13,14,18,11],739
29,[][1,2,5,6,9,10,12][4,25,27][7,14,15,21,19,26][13,3,8,23,29,20,34,35][11][28,30,18][22,24,32,33,31,17,16],1894
29,[][1,2,6,5,9,10,12][3,8,13,20,34,35,29][4,23,25,27][7,14,15,19,21,26,28,30,18][11][17,24,32,33][31][22,16],1180
29,[][18,30,28][7,14,19,15,21,26][1,5,2,12,9,10,6,31][3,8,13,23,29,20,35,34][11][24,17,33][22,16,32][25,27,4],2917
29,[][1,2,5,6,10,9,12,31][7,14,19,26,15,21][3,20,29,35,23,34,13,8][25,4,27][28,30,18][24,33,17][22,32,16][11],1415
29,[][18,28,30][2,5,6,10,12,9,1,31][3,8,13,4,27,25,20,29,35,34,23][7,15,14,19,26][11][16,22,32][17,24,33][21],1312
30,[][1,4,13,12,11,34,33][5,6,7,19,10,28,29,35][9,8,2,14,18,23,21,25,24,27,30][22,32,20,15,3][16,17,26][31],1052
30,[][7,6,5,10,19,29,28,35][2,8,9,18,14,21,23,30,27,25,24][3,20,22,32,15][1,13,12,34][4,11,33][17,16,26][31],2078
30,[][1,13,12,34][2,8,23,24,25,27,30][4,33,11][5,7,10,6,19,28,29,35][14,18,21,9][22,32,20,15,3][31][26,17,16],960
30,[][1,12,13,34][2,8,14,9,18,21,23,24,25,27,30][3,15,20,32,22][5,7,6,10,19,28,29,35][17,16][26][33,4][31,11],1116
30,[][2,8,9,14,18,21,23,24,25,27,30][5,6,7,10,19,28,29,35][3,15,20,22,32][16,17,26][1,4,11,12,13,31,33,34],1657
31,[][2,15,18,7][3,5,19,11,10,29,24,31][9,14,20,22,25,28,30,33,35,1,32][13,8,16,26,34,21][6,12,23][27][17][4],1133
31,[][1,9,22,28,25,30,14,20,33,32,35][2,15][5,3,11,19,24,10,31,29][6,12,27,23][7,18][8,13,16,21,26,34][17][4],1591
31,[][12,6,27,23][1,9,20,22,25,30,33,32,28,14][11,5,3,10,24,19,31,29][13,8,21,16,26,34,35][17][7,4,18][2,15][],1589
31,[][1,6,7,2,3,4,5,9,10,11,14,15,18,19,20,22,23,24,25,27,28,29,30,31,32,33,35,12][8,13,16,17,21,26,34],1298
31,[][6,12,27,23][1,9,22,20,14,25,28,30,32,33,35][3,5,11,10,19,31,24,29][8,13,16,21,26,34][17][7,18,4][15,2][],1841
32,[][1,9,18,23,31][2,8,10,11][3,4,7,13,16,24,25][5,17,20,21,29,30,33,34,35][6,22][12,26,28,19,32][14,27][15],1247
32,[][1,3,4,5,7,13,16,9,17,18,20,21,23,24,25,27,29,30,31,33,34,35][2,8,10,11,12,19,26,28,32][6,14,15,22],648
32,[][4,3,7,13,16,25,24,35][5,17,20,21,29,30,33,34][6][2,8,10,11,15][9,1,18,31,23][26,32,19,28,12][27,14,22],1187
32,[][1,2,3,4,5,7,13,16,17,18,20,21,24,25,27,29,30,34,35][6,8,9,10,11,12,14,15,19,22,23,26,28,31,32,33],4218
32,[][5,17,20,29,30,21,33,34][13,3,4,7,16,24,35,25][1,9,23,18,31][19,15,28,32][12,26][14,27][6,22][2,10,11,8],2004
33,[][1,3,4,9,10,28,32,35][2,6,12,18,21,24,33][5,15,31][20,11,13,27][25,26,14,16,17,22][34,23][30,29,19,8,7],1311
33,[][1,3,4,9,10,21,28,32,35][2,6,12,18,33][5,15,31][7,8,19,29,30][11,13,20,27][14,16,17,22,25,26][24,23][34],2085
33,[][1,3,4,9,10,21,28,32,35][5,15,31][7,8,19,29,30][2,18,33,6,24,12][14,16,17,22,25,26][20,27,13,11][23][34],1088
33,[][7,8,19,29,30][14,16,17,22,25,26][1,4,3,10,9,21,32,35,28][5,11,13,15,20,27,31][2,6,12,18,23,24,33,34],1938
33,[][14,17,16,25,26,22][8,7,19,30,29][3,4,1,9,10,21,28,35,32][6,2,12,18,24,33][23][15,31,5][11,20,13,27][34],1665
34,[][1,3,12,4,25,27,18][2,10,13][5,9,14,17,20,23,24,34,35,29,6,32][26][7,8,16,19,28,30,33,21][11][15,22,31][],1343
34,[][6,29][5,13,9,20,14,24,23,32,17,34,35][7,8,19,16,21,28,33,30][3,4,1,12,18,27,25][15,22][26][11,2,10][31],825
34,[][2,5,6,7,8,9,10,13,14,16,17,19,20,21,23,24,26,28,29,30,32,33,34,35,11][1,3,4,12,15,22,25,27,31,18],921
34,[][1,3,4,12,27,25,18][2,11,10][26][7,16,21,19,30,8,28,33][6,29][15,22,31][17,20,23,24,9,14,13,34,35,32,5][],1098
34,[][5,9,13,14,17,20,23,24,32,34,35][6,29][7,8,16,19,21,28,30,33][2,10,11][1,3,4,12,15,22,25,26,27,18,31],1906
35,[][6,14,19,28][4,5,13,16,17,22,26,25,35][3,10,11,18,20,15,24,27,31][2,7,21,34][8,12,29,23][32,30,33][9][1],1216
35,[][3,11,10,15,20,18,24,31,27][2,7,21,34][5,13,4,22,16,25,17,26,35][6,14,28,19][1,23][32,33,30][8,12,29][9],1887
35,[][16,17,5,26,32,25,4,35][19,3,28,11,15,10,13,20,24,18,31,6,14][7,2,21,34][23,1,8][9,22,33,30,27][12,29],2125
35,[][1][2,7,21,34][4,5,13,17,16,22,25,26,35][3,10,11,15,18,20,24,27,31][14,6,19,28][29,12,23,8][33,32,30,9][],894
35,[][3,15,20,11,10,18,24,31][2,7,21,34][4,5,17,13,22,25,35,27,26,16][6,14,19,28][1,23][30,33,32][9][8,12,29],538
36,[][1,4,7,14,26,32,35][2,11,13,15,16,17,23,24,25,27,33,34][3,6,10,19,20][5,21,28,29][8][9,31][12][18,22,30],1151
36,[][1,4,7,14,32,35][3,5,6,10,19,20,21,28,29][11,13,15,17,27,2,23,33,34][12,8][16,25,24][9,31,30,18,22,26],1314
36,[][1,4,7,14,26,35,32][2,11,15,13,33,17,34,23,27][3,6,10,19,20][5,29,28,21][9,31][8,12][16,24,25][18,30,22],735
36,[][5,21,28,29][11,2,15,13,16,24,27,34,23,25,33][1,14,4,7,17,19,20,26,35,32][6,3,10][18,22,30][8][12][9,31],2391
36,[][9,31][2,11,15,13,16,17,23,24,27,25,33,34][4,7,1,26,35,14,32][6,10,19,20,3][5,21,29,28][8][12][18,22,30],3572
37,[][1,3,5,6,10,11,12,13,15,18,21,23,26,28,30,32,33][2,9,14,20,25,29][4,8,22,27,34][7,16,17,31,35][19,24],1011
37,[][6,12,32][1,3,10,11,18,30,33][5,15,13,23,21,26,28][2,14,9,20,25,29][19,24][16,7,31,17,35][8,4,22,34,27][],2815
37,[][1][2,9,14,25,29,20][5,13,15,23,21,26,28][6,12,32][4,16,17,22,27,34,31,35,8,7][10,11,18,33,3][30][24,19],1828
37,[][6,12,32][1,3,18,11,10,33,30][5,13,15,21,28,26,23][2,9,14,29,20,25][19,24][4,8,27,22][16,17,31,35,34,7],4197
37,[][1,3,10,11,18,30,33][6,12,15,32][5,13,21,23,26,28][4,7,8,16,17,22,27,31,34,35][2,9,14,19,20,24,25,29],2416
38,[][1,12,18,27,33,17][2,9,16,21,22,6,32,19][14,15,10,5,24,30,29][26,20,7,8,3][13,11,28,31][34,25][4,23][35],1760
38,[][4,23][7,3,8,26,20][6,2,16,21,9,32,22,19][12,1,18,27,33,17][13,11,25,28,31,34][14,15,10,24,30,29,5][35],2870
38,[][1,12,18,27,33,17][2,16,6,9,21,22,32,19][3,8,7,20,26][5,14,10,15,29,30,24][35][4,23,34][11,13,25,28,31],4208
38,[][1,12,18,27,33][2,6,9,16,21,32,17][3,7,8,20,26][10,5,15,14,24,29,30][13,4,25,28,23,31,11,22,34][35][19][],793
38,[][2,6,9,16,19,21,32,22][1,12,17,18,27,33][3,7,8,20,26][4,11,13,23,25,28,31,34][5,10,14,15,24,29,30,35],1790
39,[][1,2,8,10,18,30,32,20][3,15][4,11,24,28,33,35][5,7,23][25,26,29,19][9,13,16,22,27][12,17,31,34][14,21,6],1503
39,[][13,9,22,27,16][7,5,23][2,8,1,10,18,32,30][4,11,24,28,35,33][19,29,26,25,31][3,15][6,14,34,21][12,20,17],6133
39,[][5,7,23][9,13,16,22,27][1,2,8,10,18,20,30,32][6,14,21,34][3,4,11,12,15,17,19,24,25,26,28,29,31,33,35],2776
39,[][1,2,10,18,8,20,30,32][4,11,24,28,35,33][5,23,7][6,34,21,14][3,15][16,13,9,22,27][12,17,31][29,25,26,19],3376
39,[][9,16,22,13,27][7,23,5][2,1,8,10,32,30,18][4,24,11,28,35,33][26,25,19,29][3,15][6,14,20,21,34][17,12,31],1204
40,[][1,3,6,7,8,9,10,13,14,15,16,19,21,22,23,25,28,31,32,34,35,5][2,4,12,17,18,20,24,30,33][11,26,27,29],706
40,[][1,7,9,15,22,23,25,19,16][8,13,28,3,32,35,10][17,20,24,33][18,2,30,12][5,14,6,21,34,31][29][11,27,26][4],1570
40,[][20,24][2,18,12,30][5,6,14,21,31,34][7,9,15,16,1,19,22,23,25][8,13,3,28,32,35,10][11,27,29,26][17,33][4],818
40,[][3,8,10,13,28,32,35][5,6,14,21,31,34][1,7,9,15,16,19,22,23,25][11,26,27,29][2,4,12,17,18,20,24,30,33],2665
40,[][6,5,14,21,31,34][3,8,13,10,28,32,35][7,1,9,16,15,19,23,25,22][2,12,18,30][17,24,20,33][29][11,26,27][4],651
41,[][2,5,12,11,3,10,23,30,31,32][4,8,18,26,28,22][17,15,20,21,27,29,34,24][13,19,33,7,6,1][16,25][35][14][9],1821
41,[][8,11,7,26,28,22][2,3,5,12,10,30,23,31,32][4,18,24][9,35][1,6,13,33,19][14][15,17,27,21,20,34,29][16,25],2203
41,[][2,3,5,10,12,23,30,31,32][4,8,11,18,22,26,28][1,6,7,13,19,33,17][14,15,25,29,27,35,34,9,24,21,20,16][],2764
41,[][4,8,26,28,22,18,11][2,3,5,12,10,23,31,30,32][1,6,7,13,19,33][15,17,21,20,29,27,24,34][14][16,25][9][35],5496
41,[][1,7,13,19,33][2,3,10,11,5,12,23,30,31,32][4,6,8,18,22,26,28][9,35][14][15,17,20,21,27,29,34][16,25][24],1677
