1,[][1,6,5,9,11,12,16,19,21,23,25,27,29,31,32,33][3,7,10,13,24,22,17,28,18,20,14,15,2,35,34,4,8,30,26],2007
1,[][1,5,6,9,11,12,16,19,21,23,25,27,31,32,33][2,4,8,22,26,30][3,7,10,13,14,15,17,18,20,24,28,29,34,35],1705
1,[][1,5,6,9,11,12,16,19,21,23,25,27,28,29,33,32,31][2,4,8,15,26,30,22,34,14][3,7,13,18,20,17,24,35,10],1498
1,[][1,6,5,9,11,12,23,16,19,21,25,27,31,32,33,29][2,4,8,22,26,30][3,7,10,15,14,20,24,13,18,35,34,28,17],1415
1,[][1,6,25,19,31,21][3][2,4,8,22,26,30][9,5,32,33,27,23][11,7,13,17,29][20,18,24,14,35,10][28,34,15][16,12],4371
1,[][2,4,8,30,22,26][1,6,27,32,23,33,5][11,10,7,13,17,29,28][3,18,20,24,14,15,35,34][9,12,16,19,21,25,31],5942
1,[][2,4,22,8,30,26][1,6,11,12,16,19,21,23,31,25][3,7,10,18,20,17,24,28,34,35,14,15,13,29][9,27,32,33,5],1243
1,[][1,5,6,9,12,16,21,19,27,32,31,25,33,23][2,8,26,4,30,22][20,18,3,24,35,28,34,15,14,10][11,29,13,17,7],1883
1,[][1,6][2,8,4,22,26,30][11,10,29,35][15,28,34,14][13,20,7,3,17,24,18][27,32,33,23][21,19][12,16,9,5,31,25],3752
1,[][16,1,12,19,21][5,9,25,6,33,27][8,4,15,28,32,23][22,30,26,11,2,31][13,17,7,29,10,35,3][18,24,20,34,14],6732
1,[][1,5,6,9,11,12,16,19,21,23,25,27,29,33,32,31][10,14,13,17,18,20,24,3,7,8,22,26,2,4,15,28,30,35,34],1749
1,[][1,12,11,5,6,9,25,19,29][2,4,8,22,30,26][13,17,14,18,20,7,10,3,24,35][15,34,28][23,27,32,33][21,31,16],1169
1,[][1,3,5,6,7,9,11,12,13,14,15,16,17,18,19,20,21,23,24,25,27,28,29,31,32,33,34,35,10][2,4,8,22,26,30],1125
1,[][1,5,6,9,11,12,16,19,21,23,25,27,31,32,33][2,4,8,7,3,10,13,14,15,17,18,20,22,24,26,28,29,30,34,35],1090
1,[][1,6,5,9,11,12,19,16,21,25,27,23,31,33,32][2,4,8,22,26,30,35][7,3,10,13,14,15,18,17,20,24,28,29,34][][],618
2,[][1,8,6,5,15,14,13,10,9,21,20,26,31,33,32,34,35,17,12][2,4,3,11,7,19,18,22,24,25,28,29,30,27,23,16],435
2,[][1,5,6,8,9,10,12,14,13,15,17,20,21,26,31,32,33,34,35][2,3,4,7,11,16,18,19,22,23,24,25,27,28,29,30],528
2,[][1,5,17,20,31,13][8,6,10,12,26,34][4,7,22,23,24,25,27,29,18,19,11][16,28,30,2][32,15,33,3,35,9,21,14],4387
2,[][1,5,6,8,9,10,12,13,14,15,17,20,21,26,31,32,33,34,35][2,16,28,30][3,4,7,11,18,19,22,23,24,25,27,29],1113
2,[][6,8,10,12,26,20,34,5,21,32,33,15,3,35][2,16,18,22,23,27,29,28,30][4,11,19,25,24,7][1,17,13,14,31,9],2761
2,[][6,8,12][2,16,28,30][4,22,19,18,11,25,27,23,24,7,29][13,9,5,1,17,20,31][10,14,26,21,32,15,33][35,34,3],5638
2,[][1,5,17,20,13,9,31][6,8,12][3,35,34,7][16,2,28,30][14,26,10,32,21][11,4,18,25,19,24][22,23,27,29][15,33],7163
2,[][1,5,6,3,8,9,10,15,17,12,14,21,26,32,33,35,31,20,13][2,4,7,16,22,23,24,25,19,18,11,27,28,29,30,34],861
2,[][2,16,28,30][3,18,25,34,11,35][5,13,17,20,31,9,1][8,6,12,14,26,33,10][19,24,4,7][22,23,27,29][32,21,15],3413
2,[][1,5,6,8,9,10,12,13,14,15,17,20,21,26,31,32,33][3,11,25,34,35][4,7,18,19,22,23,24,27,29][2,16,28,30],677
2,[][1,17,13,20,5,31,9][2,16,28,30][10,8,12,6,14,26,34,32,21,35,33,15][19,11,18,4,25,24,7,3][27,29,23,22],2597
2,[][1,5,9,6,10,8,20,12,14,13,17,15,33,32,31,26,21][2,16,28,30][3,7,4,11,19,22,18,29,27,23,35,34,24,25],2007
2,[][1,5,6,8,9,10,12,13,14,15,17,20,21,26,31,33,32][2,3,4,7,11,16,18,19,22,23,24,25,27,28,29,34,35,30],918
2,[][2,3,7,4,11,14,16,18,19,22,23,24,25,34,35,30,29,28,27][6,5,1,8,17,15,13,12,20,21,31,33,32,26,10,9],635
2,[][1,13,9,17,20,31][2,28,30,16][4,19,24,7,11,25][6,10,12,14,26,8,35,33,34][15,3,5,21,32][29,27,23,18,22],1428
3,[][1,4,17,11,15,9,7,35,34,27,25,24,19,14][2,21,20,23,5,32,31][3,10,12,8,18,26,29][6,16,22,13,28,30,33],684
3,[][1,4,14,15,17,19,24,27,25,35,34,11,9,8,7][2,10,3,6,5,12,16,18,20,21,22,23,28,26,29,30,33,31,32,13],521
3,[][1,4,7,8,9,11,14,15,17,19,3,24,25,27,34][2,6,10,12,13,16,18,31,32,20,21,22,23,26,28,29,30,33,35,5],806
3,[][6,3,10,12,13,16,18,22,26,28,29,30,33][1,7,8,11,9,15,14,19,24,25,27,34,35,4,17][2,21,23,20,32,31,5],993
3,[][1,3,4,7,8,9,11,14,15,17,19,22,25,27,29,34,35][2,5,20,21,23,31,32][6,10,12,13,16,18,24,26,28,30,33],938
3,[][4,9,7,11,8,17,19,34,35,25,1,14,15,24,27,29,3][6,5,2,20,21,23,31,32][10,13,16,18,22,28,30,26,33,12],2249
3,[][4,9,14,15,7,17,19,8,27,35,11,25,34,24,1][2,5,20,23,31,32,21][6,13,16,22,30,33][10,12,3,28,26,18,29],5492
3,[][15,9,34,8][3,18,26,29,10][4,11,1,7,19,35,25,27,14,17,24][12,13,16,22,33,30,28][6,21,23,20,31,32,2,5],1379
3,[][10,3,18,26,33,29][4,19,9,11,17,25,27,35,34,8][5,2,20,31,32,21,23][6][13,16,12,28,22,30][1,7,14,15,24],3037
3,[][4,9,8,35,25,19][3,29][10,12,13,6,18,16,26,22,28,30,33][14,15,24][20,21,23,5,2,31,32][17,11,7,34][27,1],1040
3,[][2,5,20,21,23,31,32][3,18,29][6,10,12,13,16,22,26,28,30,33][17,15,4,7,11,1,24,35,27,25,14][19,8,9,34],1042
3,[][1,4,7,8,9,11,14,15,17,19,24,25,27,34,35][2,5,20,21,23,31,32][3,10,18,26,29,33][6,12,13,16,22,28,30],592
3,[][1,4,7,11,9,25,14,15,17,19,35,27,34][5,20,2,21,31,32,23][10,6,12,13,16,3,18,8,22,28,29,24,33,30,26],1949
3,[][1,3,5,6,10,11,12,15,18,19,13,22,26,28,29,33,4,7,8,9,14,17,24,25,27,30,35,34][2,20,23,21,31,32,16],2782
3,[][1,3,4,7,8,9,11,14,15,17,19,24,25,27,29,34,35][2,5,6,10,12,13,16,18,20,21,22,23,26,28,30,31,32,33],763
4,[][1,3,5,6,7,8,10,16,20,13,29,11,30,34,35][2,4,9,12,14,15,22,23,25,26,33,32,28][17,18,19,21,31,24,27],2194
4,[][3,1,5,6,8,10,13,16,20,29,34,30,11][17,18,19,24,21,27,31,22,4,2,35,7][23,15,12,9,32,33,26,28,25,14],1374
4,[][3,7,6,10,29][8,1,13,34,16,5][11,18,27][14,15,12,28,26,25,23,32,33,9][4,22,2][17,21,24,31,19][30,20,35],4475
4,[][2,4,19,21,22,24,17,31,27][6,7,10,3,5,29,20,30,35][1,8,13,34][14,12,15,9,23,25,26,28,33,32][16,18,11],2165
4,[][1,3,5,6,7,8,10,11,13,16,20,29,30,34,35][2,4,17,18,19,21,22,24,27,31][9,12,14,15,23,25,26,28,32,33],987
4,[][2,4,9,12,11,14,15,17,19,18,22,21,24,23,25,27,26,33,32,31,28][7,8,10,13,6,5,3,16,1,20,29,34,35,30],588
4,[][1,3,5,6,7,8,10,13,16,20,29,30,34,35][2,4,17,19,21,22,24,31][9,12,14,15,23,25,26,28,32,33][11,18,27],632
4,[][1,8,10,13,34][2,4,22][9,12,15,25][6,7,3,29][11,16][17,18,19,21,27,24,31][28,26,14,33,32,23][20,30,5,35],1643
4,[][20,30,5,7,35][32,23,26,28][9,12,15,14,33,25][4,22,2][16,27,18][21,31,24,17][1,13,34,11,8,19][6,29,3,10],16054
4,[][2,4,22][9,12,14,15,23,25,26,28,33,32][3,10,29][18,19,21,17,24,27,31][13,8,34,1][11][20,30,16,6,7,5][35],2458
4,[][1,3,6,7,8,10,13,16,5,30,20,29,34,35][2,4,11,9,12,14,15,17,18,19,21,23,22,27,28,24,31,32,25,33,26],915
4,[][2,4,22][6,7,10,29,3][1,34,13,8][12,14,15,9,23,25,26,33,32,28][18,19,21,17,27,31,24][35,30,20,16,11,5],1441
4,[][2,4,17,18,19,22,31,21,24,27][5,16,11,20,29,30,10,8,1,3,6,7,13,34,35][25,28,26,12,14,15,23,32,9,33],2000
4,[][1,3,5,7,6,8,10,11,16,13,9,20,29,30,34,35,18,22,27][12,15,21,19,23,24,25,26,28,32,31,33,17,14,4,2],747
4,[][2,4,22,14,25,26,33,32,28,23][12,9,15][3,5,6,8,10,13,16,29,30,34,35,1,20,11,18,7][17,21,24,19,31,27],2221
5,[][2,5,10,11,19,17,26,34,31][13,15][3,22,16,25,27,32][6,4,7,30,28,8,12][33,1,21,14][9,18,23][20,24][35,29],2495
5,[][1,14,21,24,33,20][2,3,5,10,11,16,17,22,25,26,27,29,32,31,34,35,19][4,8,9,6,12,18,28,23][30,13,15,7],2089
5,[][2,3,5,10,11,13,15,16,17,19,22,23,25,26,27,29,31,32,35,34][4,6,7,30][8,9,12,18,28][14,20,21,24,33,1],1561
5,[][3,5,2,16,17,15,19,11,10,13,22,25,27,34,32,31,29,23,26,35][8,9,12,18,28][4,7,6,30][20,21,1,24,33,14],3883
5,[][1,9,14,18,21,33][2,5,19,17,30,34][3,11,22,23,10,13,16,25,27,29,31,32,35,26][8,12,6,4,28][7,15][20,24],1324
5,[][2,3,17,19,5,11,34,30,32,31,26,29,35][9,1,14,18,20,21,33,24][12,8,6,4,7,28][16,22,25,27,10][23,13,15],2565
5,[][1,4,6,7,8,9,12,14,18,20,21,24,28,33,30][3,2,5,10,11,13,16,15,17,19,22,23,25,26,27,29,35,34,32,31],12603
5,[][1,20,21,24,14,33][2,3,10,11,13,15,16,17,5,19,22,25,26,27,29,31,32,34,35,30,23][7,6,18,9,8,4,28,12],1526
5,[][2,5,17,19,26,31,34,32,11,10][1,21,14,24,33][7,6,15,30][13,16,22,25,27,3][20][12,28,4,8][29,35][18,9,23],1546
5,[][4,6,7,8,9,28,18,12][5,11,19,2,10,26,31,34,17,30][1,14,21,33][16,3,22,25,27][13,15,32][35,29][20,24][23],1394
5,[][1,20,21,24,14,33][3,16,22,25,27][9,18][15,30,4][6,7,8,12,28][29,13,35,10,26][31,17,23,32][34,11,19,2,5],3787
5,[][1,14,20,21,24,29,33][2,3,5,10,11,13,16,17,19,22,23,25,26,27,32,31,34,35][4,6,7,15,30][8,9,12,18,28],591
5,[][1,14,21,20,24,33][6,8,4,12,9,7,28,18][11,10,5,2][25,22,19,27,16][15,30,13,3][29,26,31,35,34,17,23,32],1029
5,[][35,29,23,13][4,7,6,8,12,28][10,11,17,19,26,30,31,32,34,3,5,2,15][16,22,25,27][9,18][14,24,20,21,33,1][],1708
5,[][1,4,6,7,8,12,14,24,18,9,21,20,28,30,15,33][2,3,5,10,11,16,17,23,26,27,25,22,13,32,35,31,34,29,19],972