1,[][1,7,8,10,11,18,22,27,29,33][2,4,5,21,25,26,32][3,12,13,14,23,28][6][9,15,17,19,24,30,31,34,35][16][20][],2184
1,[][1,7,8,10,11,18,22,27,29,16,33][2,4,5,21][3,12,13,14,23,28][6][9,15,17,19,24,34,31][35,30][20][25,26,32],1076
1,[][3,12,14,28,23,13][4,5,2,21][7,10,8,11,18,27,22,29,1,33][16][17,19,15,24,34,9,35,30,31][25,26,32][6][20],1114
1,[][1,7,8,10,11,18,22,27,29,33][2,4,5,21,25,26,32][3,12,13,14,23,28][6][9,17,19,15,24,30,31,34,35][16][20],5930
1,[][1,7,10,8,11,18,27,33,29,22][2,4,5,21][3,14,12,23,28][6,16][9,15,17,19,24,31,34][13,20][25,32,26][30,35],954
1,[][15,17,19,9,24,34,31][2,4,5,21][3,14,12,23,28][6][35,30][11,10,8,1,7,18,22,29,27,33,32,26,25,16][20][13],2291
1,[][1,10,11,7,22,16,25,32,8,18,33,29,27,26][4,2,5,21][3,14,12,28,23][6,20][17,19,9,15,13,24,34,31][30,35],5164
1,[][1,7,8,10,11,18,22,27,29,33][2,4,5,9,21][3,12,14,28][6,20,16][15,17,19,24,31,34][13,23][25,26,32][35,30],2793
1,[][1,7,8,10,11,16,18,22,25,26,27,29,32,33][2,3,4,5,12,13,14,20,21,28,23][6][9,15,17,19,24,30,31,34,35],1801
1,[][1,8,7,10,11,22,18,27,29,33][2,4,5,21][12,14,13,3,23,28][19,17,24,15,9,31,34,35,30][16][32,26,25][20][6],8028
1,[][1,7,8,6,10,11,13,16,18,20,22,25,26,27,29,32,33][2,3,4,5,9,12,14,15,17,19,21,23,24,28,30,31,34,35],702
1,[][1,6,7,10,8,11,18,16,22,25,27,29,26,32,33][15,17,9,24,34,30,35,31][13,5,14,4,3,2,28,23,21,20,19,12],669
1,[][1,7,8,10,11,18,22,27,29,33][2,4,5,21][3,12,14,13,23,28][6][9,15,17,19,20,24,31,34][16][30,35][32,26,25],1323
1,[][1,7,8,10,11,16,18,22,25,26,27,29,32,33][2,3,4,5,12,13,14,20,21,23,28][6][15,17,19,24,30,31,34,35,9],843
1,[][1,7,10,11,8,18,22,29,27,33][2,4,5,21][3,12,14,23,28][15,9,19,17,24,34,31][16][25,32,26][30,35][6,13,20],1042
2,[][1,7,9,19,26,27,31,32][2,3,14,16,20,30,24][4,6,12,15,18,25,28,29,33][5,23][8,34,35,13][10,22][11,17][21],2310
2,[][1,7,9,19,26,27,32,31][3,2,14,20,24,30,16][4,6,25][5,10,21,23,22][8,13,35,34][12,18,15,29][11,17][28,33],1708
2,[][1,7,9,19,20,26,27,31,32][2,3,14,16,24,30][6,25,28,33][22][8,13,5,23,34,35][10,21][11,17][12,15,18,4,29],899
2,[][8,13,35,34][1,9,7,19,26,27,31,32][2,3,14,24,30,16][6,4,12,15,18,25,29,28,33][11,17,20][10,21][23,5][22],738
2,[][1,7,9,19,26,27,30,32,31][2,3,14,16,20,24][4,6,12,15,18,25,28,29,33][5,23][8,13,35,34][11,17][21,10][22],1591
2,[][8,13,34,35][2,14,3,24,30,16,20][11,17][12,29,18,15][7,9,19,27,1,31,26,32][21,23,5][33,28,25,6,4][22,10],2356
2,[][1,2,3,7,9,17,11,14,16,19,20,26,27,24,32,31,30][4,12,18,15,29][5,8,23,13,35,34][6,25,33,28][22,10][21],838
2,[][1,9,7,19,26,27,31,32][2,3,14,20,24,30][4,12,15,18,29][8,13,34,35][17,11][28,25,6,16,33][23,21,5][22,10],6083
2,[][1,9,7,19,26,27,31,32][3,2,14,24,16,30,20][4,15,18,29,12][11,17][8,34,35,13][23,21,5,10][25,28,6,33][22],1714
2,[][1,7,9,19,26,32,31,27][3,2,14,20][4,6,25,33,28][12,15,18,29][13,8,5,23,35,34][16][11,17,22,24,30][21,10],881
2,[][1,2,3,6,7,9,14,19,20,22,17,16,11,10,27,26,32,31,30,24][15,12,18,4,25,28,33,29][35,34,23,21,13,5,8],723
2,[][1,7,9,19,26,27,31,32][2,3,14,16,20,24,30][4,6,12,15,18,25,28,29,33][11,17][13,8,34,35][23,5,21,10][22],5409
2,[][1,2,3,7,9,10,11,14,16,17,19,20,22,24,26,27,30,31,32][4,6,12,15,18,25,28,29,33][5,8,13,21,23,34,35],1102
2,[][1,9,7,19,26,31,32,27][3,2,20,16,14,24,30][4,12,15,18,29][11,17][5,23][8,13,35,34][10,21,22][33,25,28,6],1471
2,[][1,2,3,4,6,7,9,11,12,14,15,16,17,18,19,20,24,25,26,27,28,29,30,31,32,33][5,8,10,13,21,22,23,34,35],379
3,[][1,4,8,16,22,30][2,5,25,27,29,34][3,6,24][7,13,17,21,32][9,18,19,20][10,23,31][11,12,14,15,26,33][28,35],868
3,[][1,4,16,22,28,30,35][2,5,25,27,29,34][3,6,24][7,8,13,15,17,21,32][9,18,19,20][10,23,31][11,12,14,26,33][],3906
3,[][1,4,16,22,28,30,35][3,6,24][2,27,5,29,25,34][7,8,15,17,32,21][9,18,20,19][11,14,12,26][13,33][31,23,10],726
3,[][1,4,22][2,5,25,27,34,29][3,6,10,24,23,33,13,31][7,15,17,21,32][9,18,19,20][11,12,14,26][30,16,8][28,35],1336
3,[][1,4,22,21,8,16,28,30,35][5,2,27,29,34,32,25][7,15,17][23,10,31][11,12,14,26,33][13,3,24,6][20,18,19,9],1279
3,[][1,4][2,7,8,5,9,15,18,17,19,20,25,27,21,34,32,29][3,6,14,13,12,11,24,26,33][10,31,23][22,16,30][28,35],943
3,[][1,4,8,16,21,22,30][2,5,25,29,34,27][9,18,20,19][11,12,14,26,33,13][17,15,7,32][6,3,24,10][28,35][31,23],4883
3,[][1,4,16,22,28,30,35][2,5,25,27,29,34][3,6,24][9,18,19,20][10,23,31][11,12,14,26,33][13,7,15,17,21,32,8],1640
3,[][11,14,12,26,33,24,10,6,3,13][18,19][20,9][1,4,22,30,16][2,27,25,29,34,5][23,31][28,35][32,21,17,15,8,7],2824
3,[][1,4,8,22,30,16][3,6,24][7,15,17,21,32,13][5,27,29,34,2,25][14,11,12,26,33][18,20,19,9][28,35][23,31,10],1518
3,[][1,4,16,22,28,30,35][9,8,15,17,18,19,20,21,7,25,2,5,27,29,32,34][31,33,26,24,23,14,13,12,11,10,6,3],752
3,[][1,4,16,22,28,30,35][2,5,25,29,27,34][3,6,10,24][7,8,15,17,21,32][18,19,20,9][14,26,11,12,33][13][31,23],7130
3,[][1,2,4,5,7,8,9,16,17,18,19,20,21,22,25,27,28,29,30,32,34,35,15][3,6,10,11,12,13,14,23,24,26,31,33],548
3,[][1,4,16,22,28,30,35][2,5,7,8,9,15,17,18,19,20,21,25,27,29,32,34][3,6,10,11,12,13,14,24,26,33][23,31],1190
3,[][4,1,22,8,16,30][2,5,25,27,29,34][3,6,10,24][7,17,15,21,32,13][11,12,14,26,33][28,35][9,18,19,20][23,31],1552
4,[][1,10,11,17,20,22,31][2,4,26][3,15,24,32,30][27][6,12,13,19,34][7,9,14,18,5,35,33,29][8,21,16,25,28][23],909
4,[][1,11,17,20,22,31][2,3,4,10,15,24,26,30,32][5,7,18,29,33,35][6,12,13,19,34][8,16,21,25,28][9,14][23][27],5469
4,[][1,11,17,20,22,31][2,4,26][3,10,15,24,32,30][5,7,18][6,12,13,19,34][8,16,21,25,28][9,14,27,23][29,35,33],1275
4,[][1,3,10,15,24,30,32][2,4,26][5,18,7,29,33,35][8,16,21,22,25,11,17,28,20,31,34][19,13,12,6][27,14,9][23],2145
4,[][1,11,17,20,22,31][2,3,4,10,15,24,26,30,32][5,7,18,29,33,35][6,12,13,19,34][8,21,25,28,16][9,14][27][23],1206
4,[][2,26,4,23][3,15,24,32][9,14,27][5,7,18,35,29,33][8,16,21,28,25][13,12,19,34,6][20,11,31,22,1,17][10,30],3680
4,[][1,3,15,10,30,24,32,17][13,12,6,19,34][8,16,21,25,28][5,7,18,9,29,35,33,14][11,20,31,22][4,2,23,26][27],1095
4,[][1,8,6,13,12,11,17,16,21,25,20,19,22,34,28,31][2,4,26][3,15,24,32][5,9,18,14,7,29,35,33][23][27][30,10],1193
4,[][1,2,3,4,6,8,11,12,13,15,16,17,19,20,21,22,24,25,26,28,30,31,32,34,10][5,7,9,14,18,23,27,29,33,35],443
4,[][1,3,8,6,20,12,13,11,19,21,22,23,25,31,34,16,17,28][15,10,4,2,24,26,30,32][35,33,29,27,18,14,9,7,5],612
4,[][1,11,17,20,22,31][2,4,26][6,13,34][8,16,21,25,28][9,14,27][10,3,15,23,24,30,32][12,19][5,7,18,29,35,33],1231
4,[][1,6,8,11,12,13,16,17,19,20,21,22,23,25,28,31,34][2,3,4,10,15,24,26,30,32][5,7,9,14,18,27,29,33,35],977
4,[][1,17,20,22,11,31][2,3,4,10,15,24,26,30,32][6,12,13,19,34][5,7,18,33,29,35][21,16,8,25,28][27,14,9][23],9596
4,[][1,6,8,11,12,13,16,17,19,20,21,22,23,25,28,31,34][2,3,4,10,15,24,26,30,32][5,7,9,14,18,27,29,33,35],666
4,[][1,6,8,11,12,13,16,17,19,20,21,22,23,25,28,31,34][2,3,4,10,15,24,26,30,32][7,9,14,18,27,29,33,35,5],866
5,[][1,5,18,8][20,24][7,17,31,34,12][11,14,16,21,28][3,19,2,26,27,32,35,30][9,10][13,4,25][15,6,23,22,29,33],1609
5,[][13,25][2,3,8,19,26,27,30,32,35][4][6,15,22,23,29,33][7,17,31][9][10,24,20][11,12,5,1,14,16,18,21,28,34],1201
5,[][1,5,18,11,14,16,21,28,34,12][2,3,6,23,22,15,19,20,24,26,30,29,27,8,32,33,35][4][13,25][7,17][9,31][10],1743
5,[][1,5,18][2,8,3,19,20,24,27,26,30,32,35,10][4,13,25][11,14,16,21,28][15,22,23,6,29,33][34,12][31,17,7][9],3458
5,[][1,2,3,5,8,18,19,26,27,30,32,35][4,13,25][6,15,22,23,29,33][7,17,31][9][10,20,24][11,14,16,21,28][12,34],1517
5,[][1,2,3,5,8,18,19,26,27,30,32,35][4,13,25][6,15,22,23,29,33][7,17][9,31][10,20,24][11,14,16,21,28][12,34],1151
5,[][1,11,12,14,16,18,21,28,34,5][2,3,6,8,9,10,23,24,27,15,19,20,22,26,29,30,32,33,35][4,13,25][7,17,31],2320
5,[][1,5,7,12,11,18,17,16,14,21,28,34][2,15,9,10,3,19,6,8,20,26,27,32,35,33,31,30,29,24,23,22][13,4,25],804
5,[][1,18,12,5,34,28][2,3,19,26,27,32,35,30][4,13,10,25][7,17,31][11,14,16,21][6,22,23,29,33,15][24,20][8,9],1032
5,[][2,8,30,3,27,32,35,26,19][14,11,16,21,28,1,5,18,12,34][10][7,17,31][22,23,29,33,15,6][9][24,20][13,4,25],3204
5,[][1,5,7,9,10,11,12,14,16,17,18,21,22,28,31,34][2,3,4,6,13,15,19,20,23,24,25,26,27,29,30,32,33,35,8],521
5,[][1,5,18][2,3,8,19,26,27,30,32,35][4,13,25][6,15,22,23,29,33][11,14,16,21,28][20,10,24][34,12][31,9,17,7],8828
5,[][2,3,8,19,27,26,30,32,35,1,18,5][4][11,14,16,21,28][12,34][10,24,20][13,25,9][15,6,22,23,33,29][7,17,31],1435
5,[][5,1,11,12,14,16,18,21,28,34][2,3,6,9,8,15,19,20,22,23,24,26,27,29,30,32,33,35,10][4,13,25][7,17,31],1255
5,[][17,10,31,7,9][2,3,19,27,26,30,32,35][4][6,15,20,23,24,29,22,33][5,18,8,1][12,34][14,11,16,21,28][13,25],1565